2015/12/01,18.094,18.445,17.919,18.299,45220072.0,845239682.0
2015/12/02,18.396,19.477,18.221,19.419,85365905.0,1667583288.0
2015/12/03,19.477,20.402,19.292,19.993,91853884.0,1883637383.0
2015/12/04,19.555,19.721,19.088,19.282,55594836.0,1105115419.0
2015/12/07,19.282,19.331,18.757,18.912,44293106.0,863851148.0
2015/12/08,18.796,19.146,18.503,18.542,35349146.0,681326040.0
2015/12/09,18.455,18.786,18.231,18.474,33072844.0,628277868.0
2015/12/10,18.552,19.487,18.523,18.63,61790230.0,1210397608.0
2015/12/11,18.396,19.0,18.172,18.708,41151685.0,784267391.0
2015/12/14,18.425,20.578,18.367,20.578,91350093.0,1845708509.0
2015/12/15,20.383,20.451,19.769,20.003,66933925.0,1379748715.0
2015/12/16,20.13,20.568,19.828,20.12,53087137.0,1101972564.0
2015/12/17,20.305,20.753,20.023,20.363,77373669.0,1620156863.0
2015/12/18,20.315,20.568,19.925,20.101,43009949.0,892105747.0
2015/12/21,19.964,20.87,19.945,20.471,63554705.0,1335736461.0
2015/12/22,20.373,20.977,20.315,20.889,59788352.0,1270486612.0
2015/12/23,20.889,22.886,20.821,21.493,127694694.0,2848041795.0
2015/12/24,21.23,21.425,20.305,20.889,76938978.0,1650021446.0
2015/12/25,20.841,21.133,20.461,20.85,37610088.0,803115014.0
2015/12/28,21.035,21.094,19.575,19.643,68317899.0,1423931661.0
2015/12/29,19.614,19.808,19.351,19.711,51346551.0,1033027197.0
2015/12/30,19.769,19.808,19.049,19.545,55454405.0,1106360154.0
2015/12/31,19.477,19.692,19.136,19.205,34338070.0,684003222.0
2016/01/04,19.127,19.273,17.286,17.286,48713680.0,905927183.0
2016/01/05,16.439,17.559,16.147,17.111,85745023.0,1487877132.0
2016/01/06,17.023,17.403,16.663,17.335,52526852.0,923269540.0
2016/01/07,16.897,16.935,15.601,15.621,14175900.0,235761402.0
2016/01/08,16.147,16.624,15.036,16.049,84358756.0,1382269770.0
2016/01/11,15.465,15.777,14.647,14.705,65695636.0,1031124660.0
2016/01/12,14.851,15.251,14.627,14.744,59789098.0,916177545.0
2016/01/13,14.968,15.105,14.442,14.627,50955761.0,777422115.0
2016/01/14,14.218,15.309,14.131,15.124,46390916.0,705555322.0
2016/01/15,15.095,15.153,14.394,14.569,46495250.0,706221815.0
2016/01/18,14.121,14.968,14.121,14.666,33757030.0,508478658.0
2016/01/19,14.725,15.465,14.569,15.29,45920243.0,711041363.0
2016/01/20,15.183,15.533,15.056,15.134,47181417.0,739461409.0
2016/01/21,14.861,15.309,14.296,14.472,38429281.0,589386134.0
2016/01/22,14.666,14.842,14.218,14.715,29833315.0,446807151.0
2016/01/25,14.715,14.9,14.559,14.764,22622772.0,342782032.0
2016/01/26,14.598,14.618,13.283,13.313,52717621.0,753082323.0
2016/01/27,13.332,13.507,12.543,13.206,63218307.0,850393221.0
2016/01/28,13.128,13.566,12.836,12.904,45196249.0,615393939.0
2016/01/29,13.06,14.199,13.001,14.199,103990751.0,1493352062.0
2016/02/01,13.985,14.082,13.42,13.741,75248947.0,1058727433.0
2016/02/02,13.722,14.326,13.605,14.102,60763994.0,876439896.0
2016/02/03,13.8,14.004,13.654,13.907,29329042.0,415813326.0
2016/02/04,14.014,14.705,14.004,14.316,49954795.0,734731275.0
2016/02/05,14.072,14.257,13.809,13.829,37707560.0,540167596.0
2016/02/15,13.264,14.15,13.245,13.868,30154615.0,424627273.0
2016/02/16,13.975,14.666,13.955,14.472,46418924.0,688943691.0
2016/02/17,14.472,14.968,14.374,14.725,49488797.0,747179463.0
2016/02/18,14.754,15.738,14.754,14.91,55225051.0,860981650.0
2016/02/19,14.803,15.309,14.686,15.085,39520329.0,607626882.0
2016/02/22,15.29,15.854,15.095,15.514,60397560.0,958244565.0
2016/02/23,15.582,15.582,14.9,15.163,31231727.0,487765493.0
2016/02/24,15.046,15.28,14.608,15.173,36120607.0,553266002.0
2016/02/25,15.144,15.144,13.654,13.673,60130606.0,879855792.0
2016/02/26,13.858,14.072,13.546,13.917,35931397.0,511244998.0
2016/02/29,13.79,13.79,12.826,13.274,57878701.0,785010754.0
2016/03/01,13.391,14.218,13.06,13.77,58463158.0,817092516.0
2016/03/02,13.731,14.959,13.731,14.832,79746652.0,1173582101.0
2016/03/03,14.803,15.319,14.598,14.803,61773208.0,946653662.0
2016/03/04,14.657,15.075,14.511,14.959,83876629.0,1279985486.0
2016/03/07,15.105,15.533,14.705,14.851,62658476.0,969938050.0
2016/03/08,14.832,14.832,13.897,14.793,54074852.0,795185566.0
2016/03/09,14.364,14.705,14.218,14.686,43754196.0,650117737.0
2016/03/10,14.511,14.676,14.024,14.033,27401780.0,403542286.0
2016/03/11,13.839,14.345,13.839,14.228,25231410.0,366180198.0
2016/03/14,14.384,15.124,14.374,14.608,59701641.0,905890432.0
2016/03/15,14.588,15.085,14.228,15.036,71012241.0,1071368994.0
2016/03/16,14.725,15.368,14.725,15.173,87919582.0,1368154765.0
2016/03/17,15.173,15.718,14.91,15.27,90606272.0,1422373778.0
2016/03/18,15.29,16.41,15.192,15.923,123006911.0,1999857123.0
2016/03/21,16.468,17.52,16.439,17.51,211565973.0,3748702780.0
2016/03/22,17.208,17.578,16.809,16.974,92662187.0,1629960020.0
2016/03/23,16.838,17.228,16.614,17.062,78806089.0,1367735288.0
2016/03/24,16.76,16.906,16.312,16.341,64420055.0,1097963312.0
2016/03/25,16.312,16.711,16.176,16.546,56159066.0,948353885.0
2016/03/28,16.546,16.78,16.127,16.166,43357347.0,734481166.0
2016/03/29,16.117,16.458,15.699,16.069,57450196.0,952755711.0
2016/03/30,16.264,16.809,16.264,16.692,64506421.0,1101476598.0
2016/03/31,16.731,17.159,16.556,16.663,58896298.0,1017295772.0
2016/04/01,16.565,16.819,16.273,16.682,47194140.0,802838438.0
2016/04/05,16.468,17.306,16.468,16.974,59050378.0,1027220439.0
2016/04/06,16.858,17.111,16.624,16.838,37628609.0,652257414.0
2016/04/07,16.897,17.043,16.341,16.39,40809167.0,694544511.0
2016/04/08,16.215,16.293,15.854,16.059,35797233.0,590525180.0
2016/04/11,16.731,17.023,16.585,16.634,83415854.0,1439346628.0
2016/04/12,16.565,16.721,16.293,16.536,37150492.0,627726685.0
2016/04/13,16.731,17.559,16.682,17.13,98184067.0,1737571448.0
2016/04/14,17.237,17.802,17.14,17.52,69872643.0,1254188155.0
2016/04/15,17.432,17.841,17.237,17.617,51692001.0,930496654.0
2016/04/18,17.267,17.481,17.023,17.159,62508302.0,1106683101.0
2016/04/19,17.383,17.452,16.965,17.276,42454978.0,748157930.0
2016/04/20,17.228,17.335,16.069,17.121,71685106.0,1235426363.0
2016/04/21,16.78,17.637,16.75,17.345,75062890.0,1335397061.0
2016/04/22,17.121,17.802,17.052,17.734,54587373.0,984236414.0
2016/04/25,17.607,17.666,16.965,17.228,47315331.0,842375077.0
2016/04/26,17.15,17.627,17.082,17.491,27463895.0,490135053.0
2016/04/27,17.432,17.598,17.101,17.159,36571597.0,653204267.0
2016/04/28,17.208,17.315,16.828,17.043,38816550.0,679647196.0
2016/04/29,16.897,17.14,16.75,16.955,18428778.0,320981614.0
2016/05/03,16.945,17.52,16.926,17.276,32050594.0,568740502.0
2016/05/04,17.091,17.461,17.091,17.335,23700114.0,421316963.0
2016/05/05,17.208,17.393,17.091,17.286,23682234.0,418990174.0
2016/05/06,17.257,17.422,16.361,16.371,36265040.0,625559342.0
2016/05/09,16.078,16.283,15.767,15.913,41236491.0,676393199.0
2016/05/10,15.631,16.049,15.504,15.592,32918304.0,533636910.0
2016/05/11,15.738,15.923,15.504,15.523,31691527.0,509680806.0
2016/05/12,15.192,15.533,15.173,15.484,23147407.0,366151260.0
2016/05/13,15.484,15.601,15.134,15.27,16538127.0,260459150.0
2016/05/16,15.27,15.387,15.124,15.377,14249153.0,223603498.0
2016/05/17,15.475,15.718,15.319,15.504,24777258.0,393990389.0
2016/05/18,15.358,15.582,15.105,15.533,32899529.0,520416691.0
2016/05/19,15.407,15.601,15.29,15.514,17023898.0,270525635.0
2016/05/20,15.387,15.835,15.29,15.816,25235385.0,405031724.0
2016/05/23,15.757,16.273,15.757,16.059,36057970.0,595507507.0
2016/05/24,15.962,16.156,15.942,16.088,17645463.0,290912888.0
2016/05/25,16.166,16.595,16.166,16.497,31940848.0,539717699.0
2016/05/26,16.419,16.741,16.371,16.604,23606875.0,400567705.0
2016/05/27,16.556,16.643,16.478,16.526,14058670.0,238940264.0
2016/05/30,16.526,16.624,16.205,16.546,18772164.0,317800285.0
2016/05/31,16.556,18.104,16.556,17.997,60935090.0,1112119932.0
2016/06/01,17.997,18.211,17.598,17.607,43156771.0,792788516.0
2016/06/02,17.646,18.114,17.578,17.87,30047002.0,552466357.0
2016/06/03,17.841,18.64,17.666,18.163,37258507.0,693240225.0
2016/06/06,18.094,18.63,18.065,18.163,26406470.0,497428166.0
2016/06/07,18.133,18.62,18.065,18.094,20299885.0,381371723.0
2016/06/08,18.007,18.016,17.218,17.52,39877923.0,718671827.0
2016/06/13,17.14,17.588,16.75,16.78,25638066.0,452546306.0
2016/06/14,16.663,17.091,16.478,16.828,22660605.0,390647597.0
2016/06/15,16.497,17.646,16.41,17.082,39192701.0,689032265.0
2016/06/16,17.013,17.237,16.76,16.867,18717682.0,327676090.0
2016/06/17,16.897,17.315,16.887,17.043,28171082.0,495989329.0
2016/06/20,17.374,17.5,17.062,17.179,17350512.0,307004139.0
2016/06/21,17.432,18.182,17.296,17.354,49781631.0,906609450.0
2016/06/22,17.335,17.919,17.179,17.783,26302617.0,476411506.0
2016/06/23,17.617,17.851,17.53,17.695,19299226.0,350434500.0
2016/06/24,17.715,18.163,17.052,17.471,35573125.0,645494521.0
2016/06/27,17.413,17.919,17.393,17.822,24553805.0,446882285.0
2016/06/28,17.724,18.387,17.52,18.192,41712206.0,766647860.0
2016/06/29,18.309,18.513,18.026,18.055,36725068.0,689201142.0
2016/06/30,18.221,18.893,18.221,18.425,50012306.0,957629513.0
2016/07/01,18.484,18.776,18.318,18.387,25012557.0,476190827.0
2016/07/04,18.309,20.227,18.143,19.867,87327199.0,1761745530.0
2016/07/05,19.633,20.549,19.614,19.954,61991340.0,1278837448.0
2016/07/06,19.828,20.013,19.477,19.672,42241199.0,856718890.0
2016/07/07,19.769,19.789,19.136,19.38,42464560.0,846961630.0
2016/07/08,19.38,19.769,19.302,19.575,30397809.0,609926194.0
2016/07/11,19.672,20.451,19.516,19.643,54332276.0,1112507197.0
2016/07/12,19.623,20.432,19.37,20.217,53603662.0,1091975898.0
2016/07/13,20.315,21.328,20.315,20.665,60295179.0,1287884220.0
2016/07/14,20.743,20.919,20.412,20.607,30721427.0,652589356.0
2016/07/15,20.549,20.724,20.208,20.286,23755201.0,497641746.0
2016/07/18,19.964,20.13,19.302,19.497,41495972.0,834429827.0
2016/07/19,19.506,19.828,19.282,19.769,26508124.0,532785756.0
2016/07/20,19.75,19.935,19.545,19.555,17961520.0,364032614.0
2016/07/21,19.555,20.256,19.555,19.945,32614901.0,670081494.0
2016/07/22,19.945,19.945,19.497,19.662,25438880.0,514475607.0
2016/07/25,19.672,19.75,19.38,19.506,16448553.0,330775285.0
2016/07/26,19.429,19.857,19.351,19.818,23218075.0,469775920.0
2016/07/27,19.818,19.896,18.503,19.419,47274598.0,928675837.0
2016/07/28,19.166,19.166,18.172,18.786,49635662.0,953166415.0
2016/07/29,18.805,18.815,18.211,18.357,25189588.0,477361694.0
2016/08/01,18.348,18.484,17.997,18.26,19530383.0,364622537.0
2016/08/02,18.367,18.484,18.231,18.416,11829718.0,223012395.0
2016/08/03,18.26,18.766,18.26,18.727,23042914.0,440283385.0
2016/08/04,18.649,18.747,18.396,18.63,19483741.0,371060505.0
2016/08/05,18.6,18.86,18.43,18.7,21209049.0,394984938.0
2016/08/08,18.65,18.78,18.33,18.77,15794070.0,293713980.0
2016/08/09,18.71,19.19,18.71,19.01,20979150.0,396450775.0
2016/08/10,19.09,19.25,18.9,18.94,20052829.0,382432143.0
2016/08/11,18.99,19.36,18.96,19.09,30803874.0,591509219.0
2016/08/12,19.06,19.49,19.02,19.48,24072215.0,464033371.0
2016/08/15,19.69,21.43,19.69,21.43,137578215.0,2897868800.0
2016/08/16,21.5,22.35,21.33,21.7,166312208.0,3620387630.0
2016/08/17,21.69,22.05,20.88,21.24,107468043.0,2297457963.0
2016/08/18,21.11,21.55,20.21,20.62,152086427.0,3168948085.0
2016/08/19,20.5,20.84,20.35,20.72,67923089.0,1401899405.0
2016/08/22,20.52,20.68,20.29,20.42,46861794.0,959302129.0
2016/08/23,20.42,20.81,20.2,20.59,47120624.0,967119805.0
2016/08/24,20.6,20.67,19.95,20.12,56846529.0,1151172570.0
2016/08/25,20.02,20.33,19.85,20.18,48123423.0,968525783.0
2016/08/26,20.26,20.3,19.85,19.92,36765464.0,738811288.0
2016/08/29,19.8,20.12,19.8,20.02,23902925.0,476736709.0
2016/08/30,20.06,20.35,19.91,20.2,40254388.0,811145335.0
2016/08/31,20.18,20.51,20.03,20.42,44143629.0,896423443.0
2016/09/01,20.38,20.47,19.85,19.92,39640972.0,797644087.0
2016/09/02,19.81,20.19,19.76,20.02,33166496.0,661844386.0
2016/09/05,20.06,20.21,19.87,20.0,30150842.0,604049510.0
2016/09/06,19.92,20.1,19.63,20.01,37786859.0,750833220.0
2016/09/07,20.01,20.4,19.96,20.11,40346043.0,813921900.0
2016/09/08,20.07,20.17,19.92,20.09,19900939.0,398638288.0
2016/09/09,20.11,20.39,19.98,20.04,36041140.0,727451640.0
2016/09/12,19.64,19.69,18.5,19.06,83693630.0,1593556409.0
2016/09/13,19.0,19.07,18.66,18.91,31625264.0,594703721.0
