2015/12/01,208.498,209.428,206.54,209.281,1887754.0,400895906.0
2015/12/02,209.947,222.202,207.519,216.897,4789145.0,1055325951.0
2015/12/03,214.371,216.721,212.12,215.546,2238683.0,489928569.0
2015/12/04,215.311,215.311,210.466,210.759,2084871.0,452200743.0
2015/12/07,210.456,212.394,208.694,209.976,1925509.0,413697607.0
2015/12/08,210.015,210.015,206.991,207.46,1739368.0,370510935.0
2015/12/09,207.108,210.505,207.03,209.937,1411977.0,302039607.0
2015/12/10,210.456,211.63,207.509,208.459,1378671.0,295297553.0
2015/12/11,208.009,208.009,206.051,206.942,1303548.0,275655733.0
2015/12/14,205.747,210.338,204.583,209.575,2070134.0,439584116.0
2015/12/15,209.281,210.054,207.597,209.976,1508839.0,321828819.0
2015/12/16,209.878,210.103,208.097,209.389,2014480.0,430371563.0
2015/12/17,209.859,212.296,209.477,211.298,2425321.0,523818380.0
2015/12/18,210.945,214.518,210.563,212.296,2846020.0,618897538.0
2015/12/21,213.392,224.336,213.392,222.232,5939189.0,1341466585.0
2015/12/22,222.006,222.006,218.561,220.274,2840245.0,638684794.0
2015/12/23,220.685,221.899,217.993,218.287,2237497.0,501438271.0
2015/12/24,219.246,220.91,218.482,220.029,1557788.0,350137309.0
2015/12/25,220.244,220.89,218.169,219.755,1154295.0,258870006.0
2015/12/28,220.714,221.223,214.371,214.489,2559452.0,569404122.0
2015/12/29,213.999,215.781,213.892,215.184,1577433.0,345982477.0
2015/12/30,215.526,215.996,212.923,214.234,2014766.0,440489185.0
2015/12/31,213.608,214.861,213.216,213.578,1967387.0,429872169.0
2016/01/04,213.392,213.392,205.552,205.581,1734969.0,371909829.0
2016/01/05,205.561,209.448,203.124,208.322,3190891.0,672596329.0
2016/01/06,208.283,209.144,204.876,207.695,2376090.0,502483565.0
2016/01/07,204.573,204.573,195.802,197.956,814868.0,167829920.0
2016/01/08,199.855,203.604,195.773,200.305,4451009.0,911812833.0
2016/01/11,198.866,199.483,195.185,195.636,2970258.0,596838948.0
2016/01/12,196.85,197.828,191.857,192.631,4028723.0,801495583.0
2016/01/13,194.892,201.646,194.402,195.557,2920198.0,592420624.0
2016/01/14,192.944,201.626,191.378,200.491,3477606.0,699341426.0
2016/01/15,200.422,201.822,193.815,194.794,2668119.0,537750009.0
2016/01/18,193.815,198.122,193.032,195.215,2737123.0,548614385.0
2016/01/19,196.752,205.884,195.783,205.796,5911022.0,1224859286.0
2016/01/20,202.625,205.718,196.761,198.044,4096866.0,835946965.0
2016/01/21,197.006,200.266,195.675,196.027,2183229.0,439737651.0
2016/01/22,198.817,199.101,194.608,198.455,2273348.0,456952021.0
2016/01/25,198.709,199.189,197.241,198.484,1375045.0,278273547.0
2016/01/26,196.742,200.148,194.305,194.804,2228092.0,448487464.0
2016/01/27,195.753,196.644,191.564,195.704,2984041.0,589842577.0
2016/01/28,195.528,195.528,191.485,192.484,1790300.0,353744037.0
2016/01/29,193.306,198.22,192.836,196.409,2309024.0,461975279.0
2016/02/01,197.828,198.514,195.665,197.036,1917802.0,386028337.0
2016/02/02,197.731,200.471,196.399,200.227,1784208.0,362596993.0
2016/02/03,198.298,200.236,197.241,199.355,1515699.0,307933687.0
2016/02/04,200.471,201.529,199.238,200.657,1662475.0,340315128.0
2016/02/05,200.657,200.843,198.249,199.561,1422767.0,290691678.0
2016/02/15,195.773,198.709,195.381,196.174,1947018.0,390748384.0
2016/02/16,196.321,203.604,196.321,199.61,1922316.0,393326285.0
2016/02/17,199.434,200.589,196.272,198.024,2034911.0,411126979.0
2016/02/18,198.905,199.297,196.85,197.447,1889256.0,381696249.0
2016/02/19,197.359,198.886,196.879,198.817,1423846.0,287755552.0
2016/02/22,201.646,203.917,201.646,203.408,2775986.0,574540624.0
2016/02/23,203.379,210.436,202.644,207.921,3746089.0,795824522.0
2016/02/24,207.715,213.422,206.55,213.138,3312902.0,717612347.0
2016/02/25,214.175,215.82,207.646,207.921,3948065.0,855036777.0
2016/02/26,208.596,214.616,206.795,212.257,2833271.0,609924298.0
2016/02/29,214.361,216.211,202.429,210.368,4771246.0,1022532377.0
2016/03/01,211.395,215.644,205.953,213.803,3400459.0,736088847.0
2016/03/02,214.371,220.734,214.048,219.481,4794266.0,1073462814.0
2016/03/03,220.244,227.077,216.975,222.995,4019328.0,914557333.0
2016/03/04,222.085,235.084,220.254,233.733,8583869.0,2007278355.0
2016/03/07,233.077,234.927,226.167,228.702,3934555.0,924016283.0
2016/03/08,228.369,228.369,222.202,224.365,2614722.0,600938828.0
2016/03/09,222.202,227.733,221.321,222.633,1640260.0,375804071.0
2016/03/10,224.15,228.761,223.181,223.24,2572746.0,593953294.0
2016/03/11,221.752,226.979,220.734,223.23,1632008.0,373343712.0
2016/03/14,225.883,228.565,217.504,219.824,4527783.0,1029457824.0
2016/03/15,220.049,229.436,219.598,227.018,3635633.0,832373597.0
2016/03/16,225.354,227.586,220.244,223.778,2425097.0,555358085.0
2016/03/17,225.139,229.152,223.475,224.708,2882095.0,665454446.0
2016/03/18,227.096,227.351,221.008,221.223,7056894.0,1613934123.0
2016/03/21,221.869,227.116,221.86,227.077,3854745.0,885665711.0
2016/03/22,227.351,233.146,226.607,229.534,4176661.0,981582397.0
2016/03/23,230.229,231.991,227.762,230.004,2141206.0,503035650.0
2016/03/24,230.033,240.213,226.411,237.531,6206802.0,1487290878.0
2016/03/25,237.375,244.51,235.926,239.802,4475616.0,1100326150.0
2016/03/28,239.802,248.025,239.802,244.305,4833765.0,1207751715.0
2016/03/29,244.324,245.695,239.274,242.866,3668805.0,911522995.0
2016/03/30,243.737,245.108,240.292,243.404,2778260.0,688591402.0
2016/03/31,244.559,245.01,241.77,242.406,1945734.0,483196895.0
2016/04/01,243.688,245.196,239.371,239.91,2514607.0,620149506.0
2016/04/05,237.864,242.269,237.864,240.331,2504785.0,615354327.0
2016/04/06,240.605,252.155,240.605,251.774,4842492.0,1225137020.0
2016/04/07,251.46,252.038,247.281,248.739,2553639.0,650128766.0
2016/04/08,246.674,250.482,242.954,244.579,2315602.0,583704015.0
2016/04/11,245.205,249.787,238.353,238.569,11928468.0,2930751132.0
2016/04/12,238.549,239.822,236.983,239.743,2333909.0,568663727.0
2016/04/13,240.213,243.375,236.591,237.12,5427425.0,1328412389.0
2016/04/14,237.257,239.655,235.906,237.629,2866437.0,696651874.0
2016/04/15,237.512,239.802,236.102,239.724,1902926.0,463404859.0
2016/04/18,237.668,240.801,237.375,238.53,1859304.0,453989128.0
2016/04/19,239.42,240.008,236.347,238.04,1423668.0,345816837.0
2016/04/20,238.05,239.234,230.816,233.4,3370850.0,808354333.0
2016/04/21,235.417,237.179,233.263,235.29,2967222.0,713190665.0
2016/04/22,235.906,242.641,235.29,242.171,3545938.0,869560470.0
2016/04/25,241.897,242.856,238.158,239.352,2499028.0,614481805.0
2016/04/26,239.773,241.662,237.864,238.706,1515668.0,370224914.0
2016/04/27,239.332,240.292,238.344,239.704,1391510.0,340092448.0
2016/04/28,240.634,241.525,238.843,241.231,1715655.0,421012810.0
2016/04/29,242.161,247.095,242.161,245.891,4607949.0,1155915396.0
2016/05/03,245.254,256.736,245.254,254.505,5647486.0,1463972630.0
2016/05/04,254.505,256.844,250.579,250.795,2863626.0,743425170.0
2016/05/05,251.079,252.694,250.1,252.322,1351789.0,347050356.0
2016/05/06,251.872,253.056,245.812,246.889,2717369.0,689911421.0
2016/05/09,244.843,247.457,243.747,245.519,2779918.0,696784543.0
2016/05/10,244.227,248.631,243.845,246.752,3350589.0,843441777.0
2016/05/11,247.016,254.975,247.016,251.441,4927713.0,1268594578.0
2016/05/12,248.651,251.137,246.674,250.55,1889411.0,480711461.0
2016/05/13,250.57,253.428,245.205,245.656,2814561.0,714915405.0
2016/05/16,245.558,246.478,242.073,246.312,2220273.0,553627499.0
2016/05/17,245.705,247.065,244.55,244.745,1178569.0,295827986.0
2016/05/18,243.815,246.527,237.962,239.274,2838034.0,700172115.0
2016/05/19,239.978,243.248,239.332,240.575,2088943.0,514050851.0
2016/05/20,241.623,246.85,239.156,245.949,2550157.0,638079261.0
2016/05/23,244.442,249.601,244.442,248.827,1870618.0,474832790.0
2016/05/24,249.033,249.816,244.814,246.615,1167440.0,294383661.0
2016/05/25,249.101,249.552,245.705,246.537,1778534.0,450815932.0
2016/05/26,246.664,248.436,243.933,247.369,1812026.0,454859062.0
2016/05/27,247.379,249.307,246.067,247.104,1323044.0,334258004.0
2016/05/30,246.184,251.079,244.716,250.716,2980692.0,756013047.0
2016/05/31,250.589,260.985,249.806,258.88,5394965.0,1418668247.0
2016/06/01,259.791,259.888,257.441,258.215,2187669.0,578184009.0
2016/06/02,257.451,263.001,257.451,262.081,2476076.0,660335572.0
2016/06/03,261.357,280.679,260.769,277.89,6479813.0,1806172759.0
2016/06/06,276.04,277.019,269.188,270.215,3726166.0,1034692860.0
2016/06/07,270.656,272.604,269.197,271.977,1875353.0,518246021.0
2016/06/08,270.558,271.987,267.719,268.483,2388209.0,656530776.0
2016/06/13,267.572,270.813,260.623,261.415,3777506.0,1030012790.0
2016/06/14,262.052,268.013,262.052,266.985,2558729.0,696446744.0
2016/06/15,264.988,271.928,264.499,270.646,2732201.0,752172235.0
2016/06/16,269.051,271.928,267.993,268.228,1964357.0,540824570.0
2016/06/17,267.817,276.519,267.817,272.379,2470518.0,689165054.0
2016/06/20,273.857,273.945,268.209,270.274,1901926.0,523759587.0
2016/06/21,271.185,272.065,267.23,268.023,1674933.0,460067364.0
2016/06/22,267.984,273.455,267.005,272.555,2088448.0,577353686.0
2016/06/23,274.053,274.053,269.07,270.597,1398451.0,386801287.0
2016/06/24,269.462,271.145,261.552,267.984,2012951.0,550877435.0
2016/06/27,269.188,286.122,269.188,281.6,6364269.0,1823624051.0
2016/06/28,280.954,283.538,280.268,282.118,2428223.0,699351511.0
2016/06/29,281.472,283.332,278.193,282.089,2814760.0,805690468.0
2016/06/30,283.89,291.897,283.89,285.75,3802240.0,1116195906.0
2016/07/01,287.2,291.88,284.0,286.17,2601495.0,746622842.0
2016/07/04,287.0,295.4,286.0,293.9,2948864.0,859625100.0
2016/07/05,295.03,303.1,295.03,300.58,4170773.0,1252985739.0
2016/07/06,299.8,318.0,299.01,317.19,4734770.0,1463885917.0
2016/07/07,315.8,326.8,312.08,316.91,5072520.0,1619384207.0
2016/07/08,313.53,315.5,306.16,309.91,4554563.0,1412963905.0
2016/07/11,309.03,324.0,309.03,315.14,5748167.0,1825388220.0
2016/07/12,315.76,326.6,315.0,324.73,5311945.0,1712151169.0
2016/07/13,323.03,324.73,315.05,317.19,5344828.0,1697002627.0
2016/07/14,316.09,320.8,315.2,317.09,2923085.0,928017845.0
2016/07/15,317.12,318.03,315.06,317.52,2681101.0,848676195.0
2016/07/18,317.5,319.5,315.66,316.21,2335289.0,741065232.0
2016/07/19,315.5,316.3,305.55,308.11,4143166.0,1282256493.0
2016/07/20,308.62,310.87,307.5,308.56,1773384.0,548187889.0
2016/07/21,310.15,317.6,309.0,314.38,3300949.0,1041004812.0
2016/07/22,312.9,315.2,307.38,307.92,2887145.0,893047922.0
2016/07/25,307.6,314.19,307.0,311.26,2362353.0,736751814.0
2016/07/26,309.01,319.5,308.5,319.04,3555567.0,1121135548.0
2016/07/27,319.85,320.6,308.3,314.01,3922806.0,1235833182.0
2016/07/28,312.0,319.3,311.5,316.05,3964399.0,1254912053.0
2016/07/29,315.08,318.88,313.0,313.15,2900737.0,913987191.0
2016/08/01,313.0,313.95,305.0,306.96,3170185.0,980681835.0
2016/08/02,307.25,310.5,302.85,306.21,2654142.0,812078461.0
2016/08/03,307.0,307.9,304.15,306.82,2403907.0,735080442.0
2016/08/04,306.85,308.33,304.22,306.3,2179364.0,666165432.0
2016/08/05,306.49,308.37,305.03,305.93,2030848.0,622324412.0
2016/08/08,306.15,308.3,303.06,308.1,2200740.0,672724165.0
2016/08/09,308.17,317.67,306.42,315.75,3928967.0,1230571980.0
2016/08/10,315.05,316.5,313.33,313.81,2094471.0,659451040.0
2016/08/11,314.38,321.57,314.01,316.77,3193972.0,1016399255.0
2016/08/12,317.4,317.4,314.01,316.97,2335283.0,737487495.0
2016/08/15,315.8,321.69,314.15,318.78,3411013.0,1084418386.0
2016/08/16,322.0,322.48,308.0,309.52,8837869.0,2755749508.0
2016/08/17,309.6,310.97,306.5,308.16,4375406.0,1347397784.0
2016/08/18,307.95,309.65,305.13,306.43,3100599.0,951674783.0
2016/08/19,305.8,307.45,304.8,306.48,1914091.0,585467699.0
2016/08/22,306.13,309.58,306.0,307.32,2081270.0,640455200.0
2016/08/23,307.33,309.04,305.8,306.88,1991426.0,612752800.0
2016/08/24,307.02,307.49,303.83,305.28,2277942.0,695005299.0
2016/08/25,305.2,305.38,300.07,303.01,2536258.0,766099099.0
2016/08/26,303.14,304.55,300.4,301.45,2143645.0,648346749.0
2016/08/29,308.0,308.8,305.2,307.53,3805557.0,1169052449.0
2016/08/30,307.0,308.5,304.67,305.86,2117052.0,649198656.0
2016/08/31,306.7,310.76,305.54,310.19,4040144.0,1250762220.0
2016/09/01,309.7,312.0,308.25,308.71,1718597.0,532785268.0
2016/09/02,308.0,309.45,304.88,305.78,1857224.0,570909575.0
2016/09/05,306.2,309.0,305.81,308.5,1913870.0,589626257.0
2016/09/06,308.5,310.36,308.35,309.94,2062583.0,638681582.0
2016/09/07,309.68,309.68,305.5,306.6,2964515.0,908976239.0
2016/09/08,305.21,306.5,304.41,305.82,1670578.0,509979664.0
2016/09/09,306.65,306.86,304.0,304.63,1622251.0,494663720.0
2016/09/12,302.0,304.0,297.77,298.06,3823881.0,1148690134.0
2016/09/13,299.95,300.97,299.3,300.43,1625588.0,488095080.0
