2015/12/01,18.399,18.827,18.279,18.468,20012122.0,371728270.0
2015/12/02,18.379,18.798,18.099,18.748,21706974.0,402124142.0
2015/12/03,18.449,18.778,18.359,18.748,17172068.0,319846333.0
2015/12/04,18.937,19.575,18.907,18.927,33428468.0,643340495.0
2015/12/07,19.745,20.044,19.555,19.885,53490035.0,1064492033.0
2015/12/08,19.436,20.104,19.266,19.885,33846240.0,669284095.0
2015/12/09,19.855,21.041,19.845,20.353,44773785.0,918397429.0
2015/12/10,20.343,20.433,19.944,20.064,20418148.0,412274702.0
2015/12/11,19.904,21.211,19.545,20.772,42246544.0,870447778.0
2015/12/14,20.912,22.846,20.772,22.846,67557992.0,1521739929.0
2015/12/15,22.437,22.946,21.909,22.567,56337689.0,1262697196.0
2015/12/16,22.637,23.125,22.188,22.677,39961456.0,908927943.0
2015/12/17,22.816,22.816,21.819,22.328,57817060.0,1282088453.0
2015/12/18,21.799,21.829,21.32,21.65,41404149.0,895027425.0
2015/12/21,21.819,21.939,21.59,21.769,33464993.0,729940736.0
2015/12/22,22.138,22.268,21.58,21.769,34523677.0,757961294.0
2015/12/23,21.679,21.719,20.952,21.251,27518191.0,587823747.0
2015/12/24,21.101,21.62,21.091,21.5,21012555.0,451350488.0
2015/12/25,21.65,21.65,21.141,21.221,16257644.0,347683978.0
2015/12/28,21.251,21.56,20.942,21.011,28975890.0,617032054.0
2015/12/29,20.842,21.44,20.662,21.36,22031837.0,466743907.0
2015/12/30,21.51,21.51,21.091,21.38,16429178.0,350786615.0
2015/12/31,21.141,21.39,20.842,20.942,12574804.0,267212470.0
2016/01/04,20.862,21.4,18.947,19.625,23480153.0,490102007.0
2016/01/05,19.944,20.892,19.645,20.872,33125952.0,675973161.0
2016/01/06,20.453,22.268,20.343,21.829,48169102.0,1037046226.0
2016/01/07,22.048,22.617,20.942,21.041,18866959.0,417223457.0
2016/01/08,22.178,22.936,21.4,22.587,64771676.0,1459534553.0
2016/01/11,21.939,23.355,21.819,21.999,53177286.0,1204969259.0
2016/01/12,21.191,21.231,19.795,19.795,48165381.0,967232313.0
2016/01/13,19.456,19.496,18.508,18.538,34561386.0,657230920.0
2016/01/14,18.099,18.897,17.95,18.708,23254238.0,431249713.0
2016/01/15,18.149,18.249,17.551,17.8,22100737.0,398070717.0
2016/01/18,17.441,18.299,17.252,17.89,14644114.0,263250690.0
2016/01/19,17.75,18.299,17.531,18.269,17551590.0,316142692.0
2016/01/20,17.95,19.496,17.89,18.837,25140132.0,468623264.0
2016/01/21,18.907,19.436,18.548,18.718,27304944.0,520528404.0
2016/01/22,18.548,18.608,17.96,18.319,15204367.0,278181386.0
2016/01/25,18.329,18.698,18.229,18.588,10806470.0,200038093.0
2016/01/26,18.897,19.206,17.86,18.748,27617774.0,520090074.0
2016/01/27,18.827,19.047,17.85,18.179,23562760.0,436759545.0
2016/01/28,17.79,18.08,16.364,16.394,21292383.0,369157052.0
2016/01/29,16.364,16.923,15.955,16.644,15328332.0,254123775.0
2016/02/01,16.644,17.701,16.604,17.332,21976227.0,382167314.0
2016/02/02,17.471,17.85,17.252,17.621,13479105.0,238179670.0
2016/02/03,17.451,18.439,17.312,18.06,13376468.0,241600493.0
2016/02/04,19.107,19.745,18.648,18.728,26234811.0,502594455.0
2016/02/05,19.506,20.602,19.506,20.602,60224341.0,1233545376.0
2016/02/15,22.667,22.667,22.118,22.667,38421822.0,872794934.0
2016/02/16,22.577,23.325,22.158,22.816,107685732.0,2435052009.0
2016/02/17,22.048,22.866,21.839,22.577,65444997.0,1466971096.0
2016/02/18,22.567,22.737,21.969,22.148,51888033.0,1163716477.0
2016/02/19,22.537,22.617,21.291,21.63,57107117.0,1263553860.0
2016/02/22,21.34,22.009,21.131,21.839,39815324.0,863263286.0
2016/02/23,21.54,23.335,21.34,23.215,70300562.0,1576999911.0
2016/02/24,22.936,25.519,22.637,24.302,80123779.0,1924732743.0
2016/02/25,24.551,25.728,23.435,23.853,78670162.0,1947207029.0
2016/02/26,24.053,24.821,22.916,24.751,50343218.0,1216747564.0
2016/02/29,23.893,25.977,23.455,25.19,65375098.0,1643102974.0
2016/03/01,25.549,27.204,25.549,26.865,75602095.0,2009087342.0
2016/03/02,25.898,27.174,25.728,27.074,58735812.0,1564062698.0
2016/03/03,27.025,27.922,26.167,27.882,63937049.0,1736084825.0
2016/03/04,28.71,29.089,27.533,27.713,60174556.0,1722524552.0
2016/03/07,27.733,30.246,26.556,29.548,69268567.0,1940349837.0
2016/03/08,28.949,29.847,27.653,28.6,56444803.0,1632761533.0
2016/03/09,26.975,27.623,26.446,26.496,44741746.0,1216154220.0
2016/03/10,26.037,28.072,25.778,27.025,51846870.0,1401079539.0
2016/03/11,28.221,29.119,27.523,27.733,48706110.0,1384314500.0
2016/03/14,26.875,28.211,26.506,28.082,49991591.0,1373606341.0
2016/03/15,26.905,26.915,25.738,26.027,53864926.0,1426102102.0
2016/03/16,25.758,26.775,25.609,26.456,41074291.0,1076477466.0
2016/03/17,27.314,27.443,26.386,26.725,54008834.0,1454110727.0
2016/03/18,26.955,27.832,26.795,27.184,49129127.0,1341528191.0
2016/03/21,26.676,27.374,26.207,27.084,57770740.0,1545927561.0
2016/03/22,26.516,27.992,26.327,27.882,72035679.0,1970097095.0
2016/03/23,27.344,28.042,26.506,26.975,53786296.0,1469369802.0
2016/03/24,25.738,26.725,25.329,25.977,51276606.0,1328235986.0
2016/03/25,25.788,25.987,25.02,25.23,31232660.0,794150755.0
2016/03/28,25.14,25.898,25.01,25.559,30271154.0,773583198.0
2016/03/29,25.509,26.287,24.93,25.858,40003917.0,1034469120.0
2016/03/30,26.905,27.045,25.977,26.307,43707937.0,1157708493.0
2016/03/31,25.928,26.516,25.648,26.217,29757021.0,778175718.0
2016/04/01,26.207,27.224,25.948,26.725,40611057.0,1089792765.0
2016/04/05,26.396,27.045,25.818,26.925,32680574.0,866853564.0
2016/04/06,27.054,27.922,26.925,27.114,45096364.0,1242905491.0
2016/04/07,26.735,27.384,26.376,27.174,32222517.0,870037445.0
2016/04/08,27.463,29.827,27.463,29.787,77443702.0,2207217969.0
2016/04/11,29.917,31.791,28.989,30.295,62874956.0,1909979820.0
2016/04/12,30.345,31.632,29.887,30.285,55149690.0,1701241545.0
2016/04/13,29.917,30.993,29.837,30.714,45509209.0,1388477663.0
2016/04/14,29.917,30.146,29.538,29.707,35839411.0,1068972136.0
2016/04/15,29.199,30.266,28.83,29.737,31580509.0,934282048.0
2016/04/18,29.926,30.415,29.418,29.717,31912239.0,958933121.0
2016/04/19,29.318,30.395,28.909,30.325,27341699.0,808713378.0
2016/04/20,31.063,31.492,28.82,29.817,52726213.0,1608445889.0
2016/04/21,29.248,31.412,29.019,30.934,45031282.0,1369291542.0
2016/04/22,29.717,30.405,29.029,29.328,32572817.0,967179458.0
2016/04/25,28.62,28.919,27.942,28.261,24642380.0,702522159.0
2016/04/26,28.58,28.78,27.473,27.832,23492524.0,659657035.0
2016/04/27,28.321,29.518,27.942,29.468,31961223.0,918906639.0
2016/04/28,28.8,30.216,28.52,29.607,39025260.0,1149952994.0
2016/04/29,30.495,31.462,30.226,30.405,44474345.0,1375270056.0
2016/05/03,31.911,32.709,31.442,32.4,47126371.0,1516866083.0
2016/05/04,31.731,32.23,31.522,31.931,31673050.0,1010514554.0
2016/05/05,31.811,32.878,31.612,31.851,33912058.0,1094834788.0
2016/05/06,31.482,32.459,30.944,31.422,38471969.0,1220553873.0
2016/05/09,31.482,31.502,28.879,29.448,38979312.0,1174672444.0
2016/05/10,28.291,29.278,28.281,29.089,25142464.0,725789556.0
2016/05/11,29.368,30.794,28.949,30.605,30489554.0,915190018.0
2016/05/12,30.066,30.864,29.926,30.236,26914387.0,820650651.0
2016/05/13,29.926,31.711,29.567,31.392,33656458.0,1041272083.0
2016/05/16,30.914,32.878,30.834,32.529,40166680.0,1292808756.0
2016/05/17,32.21,33.407,31.672,31.741,38486939.0,1255208424.0
2016/05/18,32.061,32.499,30.944,31.871,29007184.0,921049515.0
2016/05/19,30.415,31.562,30.365,31.263,37933975.0,1176300188.0
2016/05/20,30.824,31.093,29.817,30.415,31484453.0,960402454.0
2016/05/23,30.415,30.864,30.126,30.585,21151585.0,647420952.0
2016/05/24,30.166,30.405,29.767,30.236,20830555.0,628271730.0
2016/05/25,29.408,29.767,28.929,29.208,33876507.0,998823945.0
2016/05/26,29.518,29.907,29.218,29.647,24857823.0,737763390.0
2016/05/27,29.218,29.717,29.019,29.418,21845762.0,641776841.0
2016/05/30,28.83,28.859,28.181,28.52,24824566.0,708704107.0
2016/05/31,28.7,29.567,28.7,29.518,29435990.0,859869224.0
2016/06/01,29.717,29.857,29.208,29.538,27358424.0,811398577.0
2016/06/02,29.328,29.976,29.079,29.617,25416977.0,752843483.0
2016/06/03,29.218,29.418,29.039,29.258,23490434.0,687848231.0
2016/06/06,30.904,31.771,30.714,31.452,55677634.0,1743131413.0
2016/06/07,31.462,31.582,30.495,30.744,29181087.0,902888543.0
2016/06/08,30.784,31.392,30.784,31.143,25931372.0,808889504.0
2016/06/13,32.3,34.105,31.612,33.766,65783383.0,2171945204.0
2016/06/14,33.566,34.454,32.918,33.626,45544911.0,1539475095.0
2016/06/15,33.955,36.558,32.918,35.83,57660512.0,1985223660.0
2016/06/16,36.18,38.73,35.7,38.57,59152337.0,2190199641.0
2016/06/17,36.97,38.09,36.78,37.12,58506517.0,2183436943.0
2016/06/20,37.17,37.17,35.81,36.31,37418977.0,1358951923.0
2016/06/21,36.2,36.2,34.58,35.56,53000660.0,1872417936.0
2016/06/22,34.78,35.59,34.11,35.08,43168568.0,1503606510.0
2016/06/23,34.9,35.67,34.29,35.26,39580115.0,1392493088.0
2016/06/24,35.96,38.79,34.96,38.79,102133320.0,3825655952.0
2016/06/27,39.5,40.57,39.0,39.45,78037054.0,3097472306.0
2016/06/28,39.28,40.38,38.29,39.48,62901249.0,2476623649.0
2016/06/29,38.9,40.28,38.55,39.97,55324882.0,2189525448.0
2016/06/30,39.16,39.9,38.53,38.91,38496456.0,1509677146.0
2016/07/01,39.36,42.0,39.31,40.81,58765491.0,2381648041.0
2016/07/04,42.1,44.4,41.1,43.11,56893834.0,2436025396.0
2016/07/05,42.35,43.93,41.61,43.67,52431884.0,2224875796.0
2016/07/06,45.0,47.98,45.0,46.99,77496318.0,3592776269.0
2016/07/07,47.03,50.98,46.13,48.21,77487101.0,3773776190.0
2016/07/08,46.5,47.68,46.12,46.53,43511638.0,2038242502.0
2016/07/11,48.0,50.75,48.0,48.7,71888407.0,3540280227.0
2016/07/12,47.5,48.66,46.75,47.75,42834005.0,2040965908.0
2016/07/13,45.47,48.3,45.2,47.87,47518854.0,2208840114.0
2016/07/14,48.06,48.82,46.7,46.89,39320293.0,1866562681.0
2016/07/15,46.3,48.36,45.78,47.11,43910488.0,2066481331.0
2016/07/18,47.0,48.17,46.0,47.34,39870905.0,1888811160.0
2016/07/19,46.8,47.7,46.33,47.0,26638140.0,1253216720.0
2016/07/20,46.95,47.2,44.5,44.83,44772218.0,2046028874.0
2016/07/21,43.89,44.45,42.92,43.79,39836953.0,1739209390.0
2016/07/22,44.6,44.7,43.09,43.36,32410504.0,1423532576.0
2016/07/25,42.55,42.94,41.83,42.13,30677178.0,1298261987.0
2016/07/26,42.59,45.29,42.51,45.17,56008775.0,2462419442.0
2016/07/27,44.7,47.0,42.72,46.91,71189007.0,3213878449.0
2016/07/28,47.99,48.0,46.21,46.76,64622862.0,3051665307.0
2016/07/29,46.15,47.53,45.6,45.81,38926295.0,1811634995.0
2016/08/01,46.8,47.5,46.01,46.43,39250739.0,1839587776.0
2016/08/02,46.0,46.7,45.25,46.25,31989293.0,1467819895.0
2016/08/03,47.24,47.49,46.6,46.92,35659334.0,1677875827.0
2016/08/04,45.91,46.2,45.28,45.51,34904993.0,1592763941.0
2016/08/05,45.9,45.98,45.21,45.8,24834022.0,1134243184.0
2016/08/08,43.36,43.88,41.5,41.95,76838466.0,3266401088.0
2016/08/09,41.81,42.2,41.51,42.03,30986711.0,1299477539.0
2016/08/10,42.63,44.82,42.51,44.5,61441577.0,2674248500.0
2016/08/11,43.38,43.84,42.94,43.18,34522160.0,1495244658.0
2016/08/12,42.7,43.22,42.61,43.14,20704091.0,888544006.0
2016/08/15,42.83,43.78,42.55,43.5,34573996.0,1495608024.0
2016/08/16,43.69,45.39,43.09,44.66,53926044.0,2383757572.0
2016/08/17,44.0,44.08,43.4,43.52,31989972.0,1395804018.0
2016/08/18,44.05,44.66,43.56,43.63,29498228.0,1298278257.0
2016/08/19,43.16,43.16,42.52,42.88,24312538.0,1039621990.0
2016/08/22,42.0,42.67,41.8,42.38,19291147.0,815143358.0
2016/08/23,42.39,43.11,42.02,42.93,21115377.0,898506411.0
2016/08/24,42.52,43.08,42.5,42.71,16141988.0,690702695.0
2016/08/25,41.4,42.17,41.22,42.02,22079551.0,920975932.0
2016/08/26,41.9,42.6,41.84,42.12,15819667.0,668366496.0
2016/08/29,41.4,41.9,41.23,41.76,17860796.0,742115888.0
2016/08/30,42.26,42.37,41.36,41.57,23040682.0,966185916.0
2016/08/31,41.11,41.9,41.0,41.74,19813422.0,822014193.0
2016/09/01,41.5,42.87,41.43,42.36,31875777.0,1351293843.0
2016/09/02,42.5,43.46,42.31,42.43,32089631.0,1373954324.0
2016/09/05,43.25,43.56,42.46,42.84,24890088.0,1067646890.0
2016/09/06,42.72,42.72,41.41,42.43,22142563.0,930250323.0
2016/09/07,43.5,43.85,42.9,43.15,40254170.0,1745687106.0
2016/09/08,42.82,42.96,42.45,42.77,16780102.0,716518175.0
2016/09/09,42.1,42.4,41.66,41.81,21386041.0,897263171.0
2016/09/12,40.75,40.75,38.9,39.22,37525738.0,1488132799.0
2016/09/13,39.5,39.79,38.93,39.2,17435900.0,685042244.0
