2015/12/01,14263.452,14323.9,13977.979,14131.105,1139473351.0,27016222662.5
2015/12/02,14123.292,14141.781,13572.027,14025.521,1070168186.0,23338263797.3
2015/12/03,14033.41,14296.986,14030.703,14296.986,984053498.0,22860685478.2
2015/12/04,14260.639,14335.135,14028.671,14106.568,1038428666.0,24048836583.5
2015/12/07,14132.886,14207.352,13947.803,14162.246,839725364.0,20722701979.7
2015/12/08,14102.319,14102.319,13782.308,13782.308,1059424954.0,23261201350.8
2015/12/09,13715.817,13905.492,13624.112,13840.869,995697661.0,23806631243.8
2015/12/10,13805.996,13916.168,13644.578,13690.535,978413380.0,22512380693.2
2015/12/11,13675.276,13878.036,13641.356,13760.849,897275424.0,20660934516.8
2015/12/14,13661.641,14081.834,13614.689,14073.516,985680773.0,20142331493.8
2015/12/15,14069.715,14293.343,14064.842,14174.825,961614163.0,20810481473.7
2015/12/16,14212.854,14244.635,14093.658,14145.265,742704986.0,16878855391.9
2015/12/17,14220.72,14396.433,14220.102,14383.028,1088235912.0,23758535026.4
2015/12/18,14386.361,14415.84,14231.144,14282.446,921776338.0,20924172021.3
2015/12/21,14256.693,14448.21,14245.748,14419.605,1060646495.0,20931959775.2
2015/12/22,14450.991,14539.773,14317.354,14538.721,973525539.0,21686702531.7
2015/12/23,14547.535,14549.21,14268.454,14277.44,981191403.0,21474671731.6
2015/12/24,14248.827,14283.309,13937.802,14126.529,745591751.0,16002617742.6
2015/12/25,14139.776,14214.626,14096.65,14207.332,722983963.0,14630734044.9
2015/12/28,14230.549,14308.889,13915.118,13916.828,1022382068.0,21049937850.8
2015/12/29,13898.896,14009.254,13795.341,14007.337,737703931.0,15410531631.4
2015/12/30,14027.843,14266.218,13986.635,14236.276,985244996.0,22101156877.6
2015/12/31,14228.076,14269.369,14056.374,14059.904,851822079.0,21533052837.3
2016/01/04,14378.446,14438.907,13160.661,13160.661,1284105310.0,27362846351.3
2016/01/05,12599.603,13587.312,12599.603,13446.594,1780709407.0,35406538232.3
2016/01/06,13460.433,13771.263,13426.611,13755.385,1525958090.0,32896334396.4
2016/01/07,13462.087,13462.087,12635.996,12648.913,380752654.0,7470499143.07
2016/01/08,12932.266,13046.496,12074.313,12636.411,1454307859.0,28926481589.2
2016/01/11,12303.2,12365.197,11687.319,11693.894,1210063887.0,21681192307.5
2016/01/12,11624.401,11768.786,11244.964,11516.506,1097296967.0,18759188144.6
2016/01/13,11554.318,11649.731,10994.99,10994.99,936045947.0,15944556599.2
2016/01/14,10657.337,11512.983,10643.125,11498.774,1060212895.0,17813906954.5
2016/01/15,11463.727,11814.263,11282.914,11354.909,1251490692.0,23581812914.1
2016/01/18,11078.171,11645.214,11076.775,11587.794,908312621.0,16889712165.9
2016/01/19,11535.847,12113.237,11457.601,12010.516,1155968389.0,21337769793.9
2016/01/20,11926.925,12135.468,11791.836,11843.351,1113413524.0,20978175474.6
2016/01/21,11644.537,11968.595,11383.462,11384.601,1104898779.0,19479336831.8
2016/01/22,11475.619,11687.028,11187.95,11569.979,918991768.0,15945329326.0
2016/01/25,11645.871,11749.796,11506.522,11620.601,776091533.0,13287476915.8
2016/01/26,11455.24,11656.345,10827.443,10851.404,1180222387.0,19111244977.1
2016/01/27,10887.514,10914.285,10165.656,10873.25,1244979199.0,20019119788.5
2016/01/28,10664.336,10749.017,10209.477,10247.548,960514443.0,15444328211.3
2016/01/29,10206.147,10627.467,10059.07,10510.648,1045331574.0,15624743221.4
2016/02/01,10473.122,10532.78,10081.361,10255.804,921262423.0,13234129414.0
2016/02/02,10309.86,10691.154,10309.86,10638.145,1029592212.0,16547453369.1
2016/02/03,10475.57,10765.625,10438.455,10713.136,873650491.0,14167563138.4
2016/02/04,10714.017,10939.384,10714.017,10863.161,1057792945.0,16837123786.4
2016/02/05,10827.009,10954.199,10759.452,10761.145,842491358.0,13592768160.1
2016/02/15,10408.714,10855.441,10404.511,10802.355,730767211.0,11748518683.8
2016/02/16,10871.805,11280.123,10871.805,11238.45,1162942778.0,18177563415.0
2016/02/17,11261.606,11670.752,11261.606,11515.339,1464699389.0,24710625910.6
2016/02/18,11538.046,11561.932,11303.242,11327.524,1139953669.0,20040477157.8
2016/02/19,11309.58,11447.035,11279.114,11424.234,1073390841.0,18158053812.7
2016/02/22,11565.427,11594.204,11486.466,11569.258,1098707438.0,18849172887.6
2016/02/23,11577.095,11603.039,11285.691,11445.794,1008511183.0,17907062514.6
2016/02/24,11399.501,11596.893,11274.792,11531.371,1198424580.0,20160081898.6
2016/02/25,11498.703,11498.703,10558.473,10563.63,1364571244.0,22040005892.7
2016/02/26,10657.555,10719.544,10258.96,10476.407,975773812.0,16129534663.4
2016/02/29,10436.469,10436.469,9726.353,9884.642,986389007.0,14910912140.0
2016/03/01,9924.141,10227.332,9822.673,10140.542,945366618.0,15271959091.1
2016/03/02,10141.182,10649.063,10111.576,10631.283,1196472093.0,19448141415.5
2016/03/03,10698.308,10881.304,10635.699,10639.491,1274182492.0,22393491332.9
2016/03/04,10606.15,10841.114,10274.769,10442.661,1340649203.0,21444287899.1
2016/03/07,10512.749,10688.484,10512.749,10644.548,1052931988.0,16678202378.0
2016/03/08,10587.87,10592.95,10154.317,10585.621,1088319443.0,16641981288.4
2016/03/09,10348.305,10671.863,10280.371,10417.547,908738445.0,15576910015.8
2016/03/10,10342.892,10434.223,10145.077,10155.567,710086682.0,11733409600.0
2016/03/11,10004.524,10106.81,9936.252,10041.043,642368047.0,10004143388.7
2016/03/14,10100.398,10409.076,10085.738,10313.797,1039378848.0,18001691181.7
2016/03/15,10228.549,10312.13,10113.158,10203.314,1061677065.0,18924817502.3
2016/03/16,10233.586,10263.543,9983.816,10027.749,832471783.0,14534775194.4
2016/03/17,10084.349,10403.612,10070.838,10358.022,1120244502.0,20164981331.1
2016/03/18,10397.651,10846.997,10397.651,10773.147,1819715104.0,32065554811.2
2016/03/21,10924.361,11127.215,10858.917,11127.204,1935127354.0,34381598660.6
2016/03/22,11014.066,11480.582,10937.435,11308.303,2287153524.0,39095978176.4
2016/03/23,11238.205,11328.5,11100.37,11282.486,1358895712.0,25025157570.7
2016/03/24,11180.146,11474.344,11075.331,11128.213,1515020139.0,28494696130.4
2016/03/25,11075.865,11275.288,11075.865,11218.097,1143019537.0,22103719711.4
2016/03/28,11399.31,11516.661,11085.88,11134.309,1247398057.0,24039720804.5
2016/03/29,11123.681,11140.979,10726.983,10810.216,989159477.0,19234321417.2
2016/03/30,10935.55,11223.405,10930.758,11222.734,1031810185.0,20884606397.7
2016/03/31,11297.839,11437.862,11199.361,11291.486,1218507058.0,24557854896.3
2016/04/01,11232.677,11287.031,11000.516,11171.68,948120827.0,17559976332.2
2016/04/05,11180.072,11470.933,11133.121,11444.553,1261470186.0,22337233613.5
2016/04/06,11385.537,11543.964,11337.372,11504.421,1259762038.0,24028330266.1
2016/04/07,11534.352,11548.307,11210.258,11213.696,1117442546.0,21414016345.0
2016/04/08,11111.96,11161.067,10925.316,11064.455,937957210.0,16991799795.6
2016/04/11,11164.553,11335.091,11164.553,11278.925,886858828.0,16599166306.4
2016/04/12,11270.66,11279.101,11069.035,11185.674,909513645.0,16771976998.0
2016/04/13,11251.044,11463.877,11251.044,11326.125,1376010407.0,25099880070.9
2016/04/14,11423.723,11438.126,11305.89,11437.966,999523356.0,19228052366.0
2016/04/15,11451.469,11589.679,11435.541,11500.253,1007465793.0,21485997755.6
2016/04/18,11405.237,11405.237,11162.527,11216.939,823724615.0,16864203665.8
2016/04/19,11280.172,11324.662,11168.149,11268.89,672433984.0,15104842160.6
2016/04/20,11306.387,11455.038,10583.507,10875.929,1445209228.0,28951246710.7
2016/04/21,10812.636,10883.907,10644.951,10659.304,864751482.0,16887139801.4
2016/04/22,10593.696,10718.118,10544.181,10705.89,623102462.0,12369821627.2
2016/04/25,10679.944,10724.689,10550.972,10647.385,652758792.0,13156063563.1
2016/04/26,10628.015,10751.374,10584.374,10750.199,600951772.0,11483562915.1
2016/04/27,10763.645,10785.395,10625.004,10644.498,565134883.0,11008750131.1
2016/04/28,10660.833,10679.33,10390.255,10564.406,645189158.0,12071966567.6
2016/04/29,10500.674,10636.103,10475.632,10539.362,523168166.0,10168372359.9
2016/05/03,10565.06,10928.608,10512.335,10928.488,931588283.0,16199317393.3
2016/05/04,10893.776,11017.46,10866.45,10932.314,1003603032.0,16011727282.1
2016/05/05,10935.574,11070.426,10916.407,10995.542,791060312.0,14161729081.2
2016/05/06,10989.546,11019.389,10475.085,10475.085,1128246604.0,18727287557.5
2016/05/09,10396.681,10397.218,10004.203,10057.381,1046007428.0,14734693463.0
2016/05/10,10027.207,10121.821,9987.225,10035.12,703405071.0,9652422888.4
2016/05/11,10097.854,10123.948,9889.702,9902.915,766895092.0,10272561561.7
2016/05/12,9766.292,9983.282,9651.741,9951.844,775209209.0,10701051864.6
2016/05/13,9957.411,10069.727,9867.025,9927.659,671115275.0,9518389996.22
2016/05/16,9876.825,10048.266,9816.63,10047.932,619964868.0,9533782318.37
2016/05/17,10054.672,10121.295,9926.445,10037.108,730000982.0,11520181304.4
2016/05/18,9992.087,10000.934,9709.933,9820.069,778390849.0,12558476142.6
2016/05/19,9821.91,10003.745,9821.91,9882.325,681074969.0,10646955000.7
2016/05/20,9783.69,10107.133,9743.905,10051.77,778598297.0,12817192482.8
2016/05/23,10078.162,10185.329,10075.103,10155.925,750851723.0,12621671741.8
2016/05/24,10123.767,10123.767,9955.92,10013.678,932089231.0,12173827751.3
2016/05/25,10079.237,10132.616,9911.551,9939.647,707687548.0,9870934027.0
2016/05/26,9927.021,9992.239,9709.54,9961.707,752015848.0,10737572389.6
2016/05/27,9955.444,10147.361,9934.037,10065.778,979118689.0,13574273992.4
2016/05/30,9992.852,10101.41,9889.291,9993.019,744661445.0,11368761942.6
2016/05/31,10019.838,10448.733,10019.838,10445.515,1273653816.0,20931311025.5
2016/06/01,10432.838,10662.67,10423.407,10554.93,1268030530.0,22392348765.2
2016/06/02,10532.165,10608.115,10472.476,10608.115,923468165.0,16386463447.8
2016/06/03,10628.803,10666.26,10533.878,10586.227,985511506.0,16987869596.6
2016/06/06,10618.694,10654.917,10519.354,10581.933,699947807.0,13451204723.5
2016/06/07,10612.119,10617.884,10525.373,10597.44,713798892.0,13512327897.0
2016/06/08,10591.816,10761.39,10514.978,10694.77,946034373.0,18809149478.2
2016/06/13,10567.051,10820.911,10343.702,10343.702,1178610981.0,26912057213.4
2016/06/14,10277.647,10368.623,10195.447,10350.242,848165380.0,18237924333.1
2016/06/15,10223.043,10713.699,10213.908,10676.346,1035668014.0,23039356401.4
2016/06/16,10653.199,10697.26,10562.174,10610.685,895897165.0,20018521770.5
2016/06/17,10649.12,10727.53,10570.998,10645.98,845383072.0,18950362585.8
2016/06/20,10656.277,10760.296,10534.387,10728.263,779288491.0,18001035547.9
2016/06/21,10786.809,10878.566,10601.879,10652.27,924525111.0,21288749883.3
2016/06/22,10642.761,10795.778,10603.832,10794.698,686602432.0,15609657285.8
2016/06/23,10786.899,10959.342,10739.152,10904.013,1020421347.0,22914174053.1
2016/06/24,10856.783,10948.483,10433.957,10739.93,1061860765.0,23762859705.8
2016/06/27,10703.193,11154.492,10700.264,11153.697,1182267865.0,27576945462.1
2016/06/28,11127.961,11276.599,11113.276,11243.883,1251862507.0,28259183766.9
2016/06/29,11337.107,11448.68,11238.21,11262.663,1415823587.0,26359506058.6
2016/06/30,11262.284,11296.399,11154.603,11255.516,990853549.0,20068297937.4
2016/07/01,11262.954,11547.064,11262.954,11384.539,1274059087.0,26599241082.2
2016/07/04,11318.88,11950.642,11292.313,11937.585,1928933930.0,40093013503.8
2016/07/05,11985.559,12388.456,11947.715,12025.209,2566910993.0,53376724989.9
2016/07/06,11961.002,12045.544,11911.868,12043.186,1454818910.0,30398576342.8
2016/07/07,12011.37,12021.203,11751.868,11863.429,1224223150.0,26395945464.9
2016/07/08,11859.447,12086.843,11847.613,11982.96,1484556764.0,31911153577.6
2016/07/11,12154.786,12384.586,12066.452,12116.244,2072250804.0,43602834246.1
2016/07/12,12062.533,12144.857,11890.334,12143.761,1629044560.0,33713438818.1
2016/07/13,12224.321,12336.885,12087.946,12173.513,1470495238.0,31448139675.4
2016/07/14,12147.214,12288.637,12034.706,12204.998,1269011983.0,28560306165.7
2016/07/15,12182.389,12202.786,11957.382,12001.55,1040977720.0,22598356102.7
2016/07/18,11981.072,11996.0,11814.426,11841.414,898564773.0,18723539609.4
2016/07/19,11840.726,11893.532,11742.363,11888.759,779516289.0,16288361864.0
2016/07/20,11881.928,11937.32,11820.657,11821.129,657145356.0,13995417436.7
2016/07/21,11831.517,11927.52,11798.202,11837.907,784867546.0,16338351326.9
2016/07/22,11905.741,12005.775,11813.587,11821.567,962682279.0,20242275125.5
2016/07/25,11778.733,11840.364,11673.795,11728.214,736983568.0,15699331173.3
2016/07/26,11732.741,11845.679,11732.741,11844.547,610143535.0,12718452378.3
2016/07/27,11866.741,11975.139,11193.987,11359.475,1343170797.0,28553936591.5
2016/07/28,11364.853,11499.893,11195.713,11351.119,884018613.0,19115764801.1
2016/07/29,11342.832,11351.092,11112.152,11134.912,620422275.0,13161602775.6
2016/08/01,11098.031,11098.031,10815.852,10898.069,632709608.0,12418663117.2
2016/08/02,10903.749,10982.495,10884.378,10982.363,381967985.0,7525579502.1
2016/08/03,10966.797,11041.599,10912.902,11023.084,441972966.0,8545508053.22
2016/08/04,11018.138,11114.86,10956.895,11094.86,452827666.0,9126768137.39
2016/08/05,11092.575,11107.77,10990.413,10990.612,451828293.0,9058697127.05
2016/08/08,10977.311,11365.452,10891.435,11356.8,810047023.0,16468594460.5
2016/08/09,11285.205,11333.181,11249.826,11333.06,649696790.0,13556095646.0
2016/08/10,11341.088,11393.354,11263.351,11273.397,557696323.0,11376352934.5
2016/08/11,11247.649,11271.388,11059.535,11060.86,526391268.0,10799842475.5
2016/08/12,11045.295,11173.428,11034.506,11165.362,440194238.0,8820869828.49
2016/08/15,11196.026,11462.185,11145.227,11434.081,824250883.0,16661910352.4
2016/08/16,11466.912,11504.688,11429.167,11455.959,688031413.0,14327192061.8
2016/08/17,11456.522,11659.757,11410.685,11554.792,840754176.0,17400391020.2
2016/08/18,11522.654,11551.365,11435.961,11492.573,668086600.0,13366546368.7
2016/08/19,11475.741,11512.888,11399.811,11486.899,524356484.0,10384381038.5
2016/08/22,11480.251,11487.982,11268.09,11268.206,492475206.0,9949230078.33
2016/08/23,11266.714,11328.409,11198.729,11266.036,417689303.0,8197680570.69
2016/08/24,11278.029,11418.322,11273.819,11344.568,454754888.0,9346451863.14
2016/08/25,11284.913,11284.913,11135.606,11241.68,531774125.0,10666597042.4
2016/08/26,11266.921,11389.294,11266.921,11309.041,556855169.0,11774759037.7
2016/08/29,11437.566,11473.768,11327.174,11343.778,586745738.0,13458868092.5
2016/08/30,11342.624,11522.988,11320.746,11442.05,650219045.0,15302152563.2
2016/08/31,11414.528,11437.41,11307.584,11380.388,525612827.0,11667159404.6
2016/09/01,11382.839,11421.145,11257.573,11257.573,540730265.0,11961891684.8
2016/09/02,11238.283,11274.927,11092.091,11155.699,477137401.0,9844808756.78
2016/09/05,11197.619,11246.566,11172.063,11188.335,378131727.0,8008417632.47
2016/09/06,11194.547,11322.764,11071.149,11322.764,495576372.0,10379652574.9
2016/09/07,11335.982,11433.302,11327.962,11346.493,609894660.0,12960690513.0
2016/09/08,11351.893,11382.724,11313.258,11371.836,428449450.0,9119571323.89
2016/09/09,11380.786,11443.657,11332.442,11334.909,611923462.0,12084492784.3
2016/09/12,11153.644,11203.219,11011.553,11021.927,675434574.0,12941186760.1
2016/09/13,11071.255,11112.593,11005.216,11085.176,464881178.0,8988820178.37
