2015/12/01,2540.308,2582.363,2504.758,2540.541,1146636599.0,31786559789.8
2015/12/02,2535.397,2541.658,2421.335,2511.323,1067389452.0,28708185767.0
2015/12/03,2520.511,2611.557,2520.511,2606.059,1209062084.0,36564279695.5
2015/12/04,2602.042,2648.575,2577.014,2588.159,1225734100.0,40632233447.9
2015/12/07,2595.66,2659.055,2591.438,2640.373,1119626011.0,32765394606.6
2015/12/08,2625.979,2639.208,2590.961,2597.434,1316339194.0,36805452239.0
2015/12/09,2584.213,2601.896,2553.41,2569.082,1055252443.0,29699849521.2
2015/12/10,2566.33,2636.018,2566.33,2598.07,1072008348.0,33213684421.9
2015/12/11,2589.552,2604.335,2565.763,2571.554,919042501.0,26700038435.8
2015/12/14,2544.312,2616.441,2531.792,2616.441,868725928.0,27422502829.0
2015/12/15,2629.264,2666.032,2629.264,2645.138,949271696.0,29977052762.5
2015/12/16,2661.711,2682.357,2647.201,2655.111,980137342.0,30460187867.9
2015/12/17,2676.078,2720.639,2675.389,2720.639,1333518669.0,39688105860.3
2015/12/18,2722.863,2732.557,2687.826,2720.438,1189529221.0,37673769599.5
2015/12/21,2713.755,2729.314,2692.327,2720.423,962185408.0,30253557911.1
2015/12/22,2729.292,2743.746,2706.559,2729.72,823840934.0,25035307263.5
2015/12/23,2736.449,2739.937,2668.256,2672.007,1027849558.0,29776549385.5
2015/12/24,2665.817,2691.506,2634.654,2684.151,858885268.0,25147149748.2
2015/12/25,2698.579,2708.164,2666.101,2681.536,749160100.0,23535312773.4
2015/12/28,2698.532,2714.625,2632.665,2632.665,943489293.0,28802875322.8
2015/12/29,2634.067,2647.767,2610.785,2644.681,855186190.0,25849464954.9
2015/12/30,2653.47,2665.906,2639.367,2663.504,834116752.0,25430168821.1
2015/12/31,2665.034,2668.508,2596.069,2596.069,824705054.0,24255664716.5
2016/01/04,2591.15,2596.535,2384.538,2385.392,821712311.0,22893723588.3
2016/01/05,2253.611,2376.257,2235.937,2319.518,1222602686.0,31875357256.0
2016/01/06,2335.502,2370.097,2289.207,2365.678,944185527.0,26236458334.6
2016/01/07,2313.031,2313.031,2165.762,2166.157,265587043.0,6862379896.96
2016/01/08,2200.159,2219.139,2060.826,2157.007,1078530460.0,27286872676.8
2016/01/11,2097.074,2141.422,2028.782,2028.782,995259391.0,24429485083.6
2016/01/12,2041.031,2098.675,2012.491,2066.995,959055553.0,24348556750.8
2016/01/13,2078.339,2088.44,1981.382,1981.382,840307219.0,20431494312.8
2016/01/14,1919.843,2098.982,1917.875,2093.751,1076994340.0,26250134900.0
2016/01/15,2078.855,2099.487,2020.051,2033.877,1130618163.0,25442371111.4
2016/01/18,1999.524,2129.458,1999.524,2096.912,1179032836.0,26488164829.2
2016/01/19,2090.31,2159.469,2066.024,2155.34,1295746295.0,30229269101.0
2016/01/20,2134.087,2156.929,2102.105,2115.677,1073491462.0,25452652326.7
2016/01/21,2084.139,2150.808,2025.821,2025.821,1075170305.0,23980372579.5
2016/01/22,2058.153,2081.914,1998.463,2071.301,1024842324.0,21308553383.6
2016/01/25,2086.842,2102.097,2057.432,2081.097,818007157.0,17259868916.8
2016/01/26,2054.607,2057.275,1916.102,1917.472,941316668.0,19872668248.2
2016/01/27,1923.12,1950.817,1825.92,1936.415,1135695893.0,23114476551.0
2016/01/28,1907.397,1928.404,1839.919,1848.139,812823524.0,16439294763.0
2016/01/29,1848.516,1949.883,1848.516,1932.689,907794572.0,19189193234.5
2016/02/01,1925.904,1941.971,1891.051,1926.897,800213248.0,16705686829.3
2016/02/02,1929.688,2020.674,1929.688,2005.188,980036435.0,21063283188.0
2016/02/03,1978.366,2032.326,1964.798,2017.122,890357696.0,18993007706.9
2016/02/04,2022.167,2068.422,2022.167,2054.177,962810178.0,21389268993.0
2016/02/05,2053.043,2067.682,2019.436,2019.439,672233283.0,15193980553.3
2016/02/15,1957.756,2052.824,1957.756,2037.838,746706639.0,16138186871.0
2016/02/16,2050.995,2131.941,2050.995,2121.473,1035695667.0,24340832855.2
2016/02/17,2114.914,2133.129,2086.037,2129.453,1053368242.0,23236473839.5
2016/02/18,2144.004,2155.866,2102.449,2105.845,1021164886.0,23080805724.3
2016/02/19,2101.159,2145.147,2095.85,2127.286,958156579.0,22373193285.7
2016/02/22,2152.108,2156.37,2124.517,2156.37,1045916090.0,25669844481.3
2016/02/23,2154.5,2156.367,2092.901,2123.838,954009172.0,22693911678.8
2016/02/24,2114.151,2135.108,2063.339,2112.745,856538663.0,19749362147.2
2016/02/25,2105.703,2105.703,1944.774,1949.237,1035885143.0,22961992463.6
2016/02/26,1953.863,1965.206,1891.397,1923.015,832988328.0,17540449305.2
2016/02/29,1908.438,1908.438,1773.166,1780.989,886589477.0,17445373453.2
2016/03/01,1780.113,1848.696,1740.15,1830.914,914671932.0,18165845699.0
2016/03/02,1826.191,1912.651,1818.429,1906.767,1223710560.0,22696486790.1
2016/03/03,1905.606,1954.93,1896.379,1902.832,1174463078.0,22994497301.5
2016/03/04,1889.277,1898.129,1794.298,1803.82,1054361934.0,20151800181.7
2016/03/07,1834.086,1892.075,1834.086,1851.274,798507186.0,15559305338.3
2016/03/08,1842.581,1898.853,1766.23,1898.853,1098159959.0,21119032596.6
2016/03/09,1860.626,1914.822,1847.581,1872.01,958588777.0,18425767311.3
2016/03/10,1875.005,1895.586,1837.415,1838.735,737625154.0,14841212987.1
2016/03/11,1814.789,1849.569,1808.273,1835.614,569785113.0,11051836183.6
2016/03/14,1864.928,1946.247,1864.928,1921.254,1097160824.0,22270513827.8
2016/03/15,1915.661,1928.076,1892.956,1894.796,813423747.0,16079241920.3
2016/03/16,1926.754,1933.973,1865.492,1879.769,838369901.0,17070731947.0
2016/03/17,1888.83,1988.276,1888.515,1983.039,1477607021.0,32180550701.7
2016/03/18,1996.909,2088.947,1995.594,2073.172,1822808991.0,41229407078.5
2016/03/21,2112.593,2131.229,2090.804,2125.669,1855412237.0,44652703082.6
2016/03/22,2098.041,2144.946,2088.153,2114.799,1553173139.0,34467171293.5
2016/03/23,2107.618,2152.704,2101.249,2151.517,1362781108.0,33190365710.0
2016/03/24,2128.864,2172.799,2112.505,2112.505,1536669532.0,38773088846.0
2016/03/25,2101.099,2125.684,2078.729,2110.849,1034377897.0,24674058150.8
2016/03/28,2128.05,2152.622,2087.106,2094.666,1123511706.0,27649223007.2
2016/03/29,2087.674,2091.568,2035.704,2057.976,998866389.0,25876861122.7
2016/03/30,2077.216,2145.378,2077.216,2145.378,1202365989.0,32214916207.0
2016/03/31,2153.511,2170.474,2133.734,2137.417,1166714222.0,31158830142.9
2016/04/01,2122.862,2126.751,2075.195,2109.515,1010119068.0,27539304418.3
2016/04/05,2113.232,2190.823,2108.655,2183.32,1294881913.0,34307550027.5
2016/04/06,2181.513,2209.603,2175.419,2200.805,1424145234.0,37658820078.7
2016/04/07,2214.022,2219.781,2154.927,2154.927,1397469158.0,36620091671.3
2016/04/08,2137.754,2151.098,2102.513,2138.013,1253007660.0,31200768225.3
2016/04/11,2165.274,2205.401,2165.274,2181.961,1338649523.0,33991124427.0
2016/04/12,2180.286,2186.944,2136.184,2166.972,1103325259.0,28539662732.2
2016/04/13,2182.314,2234.584,2182.314,2197.211,1469705485.0,40292164933.3
2016/04/14,2216.011,2235.43,2199.24,2233.879,1324495993.0,33260407573.7
2016/04/15,2239.332,2239.332,2202.676,2214.577,956611978.0,24937535861.7
2016/04/18,2193.585,2193.585,2160.809,2176.513,948093323.0,23609034676.6
2016/04/19,2188.501,2197.416,2161.687,2182.141,919493400.0,22454827934.3
2016/04/20,2188.314,2190.672,2038.541,2063.01,1496913816.0,33924544530.6
2016/04/21,2053.236,2074.842,2023.726,2027.225,867619283.0,19109114133.3
2016/04/22,2008.31,2051.706,2006.82,2050.078,729682681.0,17386513049.6
2016/04/25,2041.468,2043.359,2003.946,2038.895,605468603.0,13379817951.0
2016/04/26,2037.3,2065.963,2032.209,2065.963,583710748.0,12952196400.2
2016/04/27,2074.889,2088.243,2056.89,2061.395,701746453.0,16140974998.6
2016/04/28,2065.126,2077.873,2029.525,2074.049,666398457.0,15566337297.6
2016/04/29,2062.795,2082.114,2057.85,2058.21,533531313.0,12984004852.6
2016/05/03,2058.7,2131.984,2045.977,2131.984,1025326169.0,23842102411.4
2016/05/04,2126.516,2145.944,2117.88,2122.792,935734525.0,21461771560.2
2016/05/05,2117.382,2136.341,2109.385,2134.487,729153125.0,16658454300.0
2016/05/06,2137.042,2143.166,2040.148,2040.148,1093132576.0,23436118324.8
2016/05/09,2022.639,2022.639,1963.917,1973.406,827924134.0,16719075273.1
2016/05/10,1970.252,1985.534,1963.069,1973.287,519065710.0,10721266003.7
2016/05/11,1986.655,1991.165,1944.779,1944.779,621275985.0,12491316439.8
2016/05/12,1916.273,1945.519,1890.073,1941.276,609667622.0,12177913359.2
2016/05/13,1938.237,1963.047,1922.018,1933.037,547991825.0,11006482213.7
2016/05/16,1926.679,1958.716,1915.908,1958.716,608191780.0,11587215408.1
2016/05/17,1961.085,2013.365,1939.545,1984.355,910566550.0,18407612792.2
2016/05/18,1965.996,1965.996,1909.281,1929.907,863148167.0,16101441186.0
2016/05/19,1934.849,1987.5,1934.849,1950.684,881479587.0,18433802544.2
2016/05/20,1933.067,1979.649,1927.275,1979.649,754347178.0,15566535089.5
2016/05/23,1988.195,2014.99,1988.195,2004.512,956555256.0,18593743882.8
2016/05/24,1999.46,1999.666,1969.994,1986.759,860583894.0,17592581522.8
2016/05/25,2002.842,2019.477,1978.929,1981.911,920751816.0,19007053402.1
2016/05/26,1975.309,2001.526,1934.536,1999.817,934095164.0,18796179864.3
2016/05/27,1990.683,2002.365,1977.874,1981.883,828785347.0,16694570013.4
2016/05/30,1965.657,1996.493,1946.699,1971.559,791907321.0,14297449679.1
2016/05/31,1975.53,2068.737,1973.868,2068.737,1514910023.0,29539011349.3
2016/06/01,2072.796,2090.006,2067.933,2071.023,1367320665.0,27491235428.2
2016/06/02,2065.979,2089.317,2061.977,2089.317,1091105816.0,21148563768.5
2016/06/03,2069.238,2144.003,2068.892,2107.603,1673385953.0,42867186287.4
2016/06/06,2114.101,2119.818,2086.645,2103.708,1157224833.0,28511965804.8
2016/06/07,2108.12,2110.42,2084.39,2097.212,1044955689.0,23739724353.4
2016/06/08,2091.292,2103.143,2071.0,2087.681,1035652512.0,24288416995.2
2016/06/13,2051.827,2061.396,1945.7,1945.7,1246772494.0,27932399814.8
2016/06/14,1937.984,1960.36,1921.757,1943.475,806821117.0,17955080515.4
2016/06/15,1919.905,2027.888,1917.449,2009.301,1184449145.0,25328857715.6
2016/06/16,2002.946,2017.059,1978.522,1981.875,1100586120.0,23687472335.8
2016/06/17,1989.034,2031.055,1983.493,1999.345,985313864.0,21435091122.9
2016/06/20,1993.278,2002.388,1964.457,1994.787,759249440.0,16675570024.8
2016/06/21,2011.16,2030.234,1958.025,1965.742,1049765678.0,22045718955.2
2016/06/22,1959.456,2017.56,1958.891,2017.56,941966336.0,19060594757.0
2016/06/23,2016.657,2022.483,1987.795,2010.182,1137785487.0,23159980545.5
2016/06/24,2002.707,2028.078,1933.041,1994.514,1322818800.0,26158055261.8
2016/06/27,1977.862,2055.716,1977.086,2052.637,1415900264.0,28822898057.9
2016/06/28,2043.265,2084.364,2036.819,2079.415,1626222268.0,34368440695.8
2016/06/29,2091.904,2102.862,2065.871,2070.649,1288613442.0,28824762118.5
2016/06/30,2073.63,2105.457,2069.596,2099.182,1258892127.0,29842681977.8
2016/07/01,2099.707,2109.66,2072.069,2076.736,994312435.0,24906364177.9
2016/07/04,2061.54,2122.942,2058.91,2116.372,1231662351.0,29621251876.0
2016/07/05,2122.202,2129.814,2098.656,2115.293,1080110346.0,26889122296.5
2016/07/06,2109.619,2117.799,2099.804,2112.853,943928643.0,22154183894.3
2016/07/07,2113.366,2117.915,2084.988,2108.166,1120189199.0,26540014363.8
2016/07/08,2105.874,2131.108,2095.236,2111.248,1084510870.0,25012228274.6
2016/07/11,2114.952,2126.856,2091.443,2092.857,1114624726.0,25661907401.7
2016/07/12,2092.501,2121.149,2058.279,2121.149,1206275535.0,27211653731.5
2016/07/13,2131.284,2177.526,2123.219,2159.884,1671414435.0,36186273079.3
2016/07/14,2157.157,2168.105,2144.013,2167.641,1473158333.0,32442394969.0
2016/07/15,2163.412,2166.498,2135.663,2138.319,1259888806.0,28785332120.5
2016/07/18,2129.427,2139.88,2105.243,2119.961,979865361.0,23010019060.7
2016/07/19,2120.351,2144.811,2107.686,2144.811,1056020521.0,26011397810.8
2016/07/20,2144.949,2166.127,2140.511,2144.376,1042627682.0,25911844475.7
2016/07/21,2141.028,2165.147,2134.041,2138.418,1012306767.0,23661013918.8
2016/07/22,2135.444,2144.444,2120.198,2121.798,952329201.0,22345237284.5
2016/07/25,2116.683,2133.959,2102.549,2113.198,859658737.0,20955006395.5
2016/07/26,2112.196,2146.361,2112.196,2146.361,874796114.0,20752719529.5
2016/07/27,2150.832,2151.943,2006.347,2019.685,1550746454.0,35048075430.0
2016/07/28,2017.747,2035.725,1977.947,2007.191,991483862.0,22289398437.8
2016/07/29,2014.819,2017.346,1977.811,1988.031,676114420.0,15140481555.8
2016/08/01,1979.628,1981.461,1932.696,1963.858,766007714.0,17103297810.3
2016/08/02,1962.621,1981.474,1959.571,1979.503,521701762.0,11677647001.7
2016/08/03,1976.712,1982.356,1962.033,1972.331,538409495.0,11600850991.3
2016/08/04,1971.668,2000.387,1966.949,1997.401,649513749.0,14620374212.5
2016/08/05,1996.879,1996.879,1970.589,1972.28,570904008.0,12336071972.9
2016/08/08,1964.182,1991.156,1946.345,1991.156,573801751.0,12715453668.5
2016/08/09,1988.226,2013.295,1988.023,2013.295,717319205.0,16243039779.4
2016/08/10,2014.464,2022.863,1994.957,1995.234,628291993.0,14455495681.0
2016/08/11,1993.582,1998.413,1963.554,1963.554,602541013.0,13550141710.7
2016/08/12,1959.022,1982.779,1956.126,1982.779,516676195.0,11412822041.0
2016/08/15,1985.593,2069.051,1974.021,2058.082,1337161135.0,30380695538.2
2016/08/16,2059.92,2079.037,2059.456,2067.703,1014081583.0,24858854203.7
2016/08/17,2065.609,2083.054,2060.826,2072.307,870378721.0,21530566740.5
2016/08/18,2069.057,2080.95,2058.032,2067.56,877879948.0,21124547110.7
2016/08/19,2066.15,2071.117,2057.657,2063.404,638668975.0,14769332171.3
2016/08/22,2063.239,2072.699,2022.877,2022.877,751192872.0,16962346579.5
2016/08/23,2023.522,2041.924,2015.408,2030.403,592360881.0,13225277837.9
2016/08/24,2037.087,2057.868,2032.556,2046.386,837854783.0,16819777773.9
2016/08/25,2032.707,2032.707,2002.975,2027.935,844900409.0,17477590064.6
2016/08/26,2034.512,2059.203,2030.335,2039.136,798859561.0,17052907965.6
2016/08/29,2037.983,2061.456,2035.094,2042.488,699043850.0,15162611342.6
2016/08/30,2045.981,2058.531,2042.42,2045.724,615983212.0,13582234746.9
2016/08/31,2045.374,2051.334,2031.047,2047.233,611993233.0,14051616686.9
2016/09/01,2048.209,2056.344,2033.482,2033.482,634905232.0,14104824332.2
2016/09/02,2027.54,2042.059,2012.821,2024.263,712840084.0,15247945977.9
2016/09/05,2030.92,2052.959,2029.651,2034.103,577180775.0,12982921338.4
2016/09/06,2035.489,2073.685,2014.629,2069.1,890895791.0,20320611892.4
2016/09/07,2070.63,2079.625,2056.174,2058.549,798586442.0,17464463657.8
2016/09/08,2059.538,2073.29,2055.639,2073.29,634386506.0,14503467333.1
2016/09/09,2073.367,2074.015,2046.469,2046.469,719702502.0,15992413858.4
2016/09/12,2009.272,2024.734,1990.213,1990.863,842436480.0,18907166140.2
2016/09/13,2002.194,2008.474,1975.089,1980.871,526120315.0,12839446822.1
