2015/12/01,8147.432,8240.406,8068.532,8163.05,2417856089.0,51855657506.1
2015/12/02,8146.64,8183.654,7918.328,8183.654,2304872863.0,47763014385.8
2015/12/03,8190.472,8346.635,8190.472,8346.635,2139834331.0,46211497803.0
2015/12/04,8298.072,8341.48,8177.033,8235.208,2009793736.0,43500305286.6
2015/12/07,8242.266,8335.689,8176.722,8316.891,1963762215.0,42884456330.5
2015/12/08,8278.79,8278.79,8125.547,8139.191,2067129545.0,45431372538.7
2015/12/09,8093.028,8171.52,8050.629,8115.761,1934166531.0,42254880405.8
2015/12/10,8109.225,8216.614,8101.205,8134.48,2159689061.0,49659265356.1
2015/12/11,8095.081,8155.484,8046.482,8082.685,1748711856.0,40400847468.0
2015/12/14,7999.643,8259.688,7982.184,8259.688,2010623642.0,43333414127.1
2015/12/15,8273.653,8378.069,8269.135,8323.431,2416344127.0,52672131361.8
2015/12/16,8355.677,8402.233,8317.668,8344.35,2247889555.0,49808994286.2
2015/12/17,8416.339,8521.972,8409.966,8512.475,3284616681.0,71670287117.6
2015/12/18,8523.65,8564.206,8440.979,8478.873,2932773072.0,66234735990.5
2015/12/21,8474.492,8587.97,8466.782,8573.696,2973078758.0,66923559707.2
2015/12/22,8587.38,8652.636,8531.304,8652.636,2611859682.0,58275325300.4
2015/12/23,8644.906,8679.564,8531.776,8556.143,2875499458.0,64028825049.7
2015/12/24,8537.166,8558.606,8422.494,8517.341,2079770077.0,45284309064.1
2015/12/25,8530.881,8578.124,8507.369,8565.717,1824154992.0,41511116023.6
2015/12/28,8599.726,8628.115,8392.675,8392.675,2450351309.0,55022390640.0
2015/12/29,8392.772,8467.39,8342.75,8467.39,1684923902.0,39382591656.8
2015/12/30,8484.939,8542.202,8455.762,8542.202,1804975080.0,43306591515.2
2015/12/31,8552.769,8565.584,8389.28,8393.825,1867362422.0,45463957401.5
2016/01/04,8385.004,8385.004,7701.915,7703.189,1802607482.0,40180688575.4
2016/01/05,7375.706,7748.807,7338.18,7604.328,2660198865.0,56039916901.3
2016/01/06,7641.971,7750.891,7557.882,7747.718,2137396205.0,44971565277.2
2016/01/07,7598.758,7598.758,7102.938,7113.516,551387156.0,11077438851.7
2016/01/08,7263.66,7359.891,6863.273,7200.3,2443759989.0,49035238385.7
2016/01/11,7039.198,7138.668,6734.997,6745.32,2215709403.0,42376214592.3
2016/01/12,6775.65,6902.34,6670.604,6810.767,1884487183.0,36721209562.6
2016/01/13,6862.689,6903.18,6602.306,6602.306,1716230071.0,33202566058.0
2016/01/14,6416.236,6848.799,6406.241,6842.091,1971213738.0,36901179193.8
2016/01/15,6794.183,6845.293,6593.382,6632.113,1824128147.0,34438505421.0
2016/01/18,6511.117,6815.083,6511.117,6741.677,1586013655.0,31039347571.8
2016/01/19,6724.478,6987.581,6713.048,6971.626,2090561328.0,41690291027.4
2016/01/20,6927.483,7011.483,6837.6,6876.357,1977775192.0,40297548116.7
2016/01/21,6771.52,6954.199,6632.845,6632.845,1824805826.0,36240114174.4
2016/01/22,6711.817,6744.637,6518.708,6700.964,1475693144.0,28824524032.8
2016/01/25,6761.896,6831.963,6703.424,6760.554,1281117219.0,25795756465.9
2016/01/26,6684.945,6694.982,6288.35,6304.518,1801923376.0,33433657653.0
2016/01/27,6341.426,6356.621,5973.123,6256.075,1910884665.0,32911474395.7
2016/01/28,6186.549,6268.627,6022.911,6047.346,1469972247.0,25520710372.9
2016/01/29,6045.338,6322.852,6026.877,6272.912,1513446056.0,26793309645.5
2016/02/01,6241.613,6302.622,6122.937,6201.989,1184356128.0,21471316816.7
2016/02/02,6207.9,6416.136,6207.9,6391.59,1453036144.0,25711453185.5
2016/02/03,6323.502,6426.828,6280.547,6398.524,1294295410.0,23762751174.1
2016/02/04,6409.984,6521.024,6409.984,6484.771,1503301767.0,28177616078.2
2016/02/05,6478.082,6496.309,6398.855,6399.217,1206408226.0,22307522061.8
2016/02/15,6206.244,6432.596,6205.248,6400.88,1176881140.0,22318353503.5
2016/02/16,6437.856,6663.549,6437.856,6643.883,1744164413.0,33217773367.5
2016/02/17,6642.547,6737.825,6613.295,6727.219,1917950056.0,37391409467.0
2016/02/18,6779.146,6793.322,6675.239,6687.463,1925999933.0,37255041352.2
2016/02/19,6668.457,6759.719,6653.167,6714.978,1613585465.0,32223295681.5
2016/02/22,6800.998,6846.353,6747.908,6843.932,2013508600.0,39715979181.3
2016/02/23,6845.276,6861.78,6712.522,6798.582,1875803239.0,38234581029.8
2016/02/24,6772.279,6837.205,6648.414,6784.095,1770768709.0,34490387952.9
2016/02/25,6771.236,6771.236,6257.336,6284.617,2253421343.0,41836036305.3
2016/02/26,6340.193,6376.014,6186.737,6304.217,1644501518.0,29936636605.8
2016/02/29,6276.506,6276.506,5928.19,5998.284,1836715786.0,29251904275.1
2016/03/01,5999.776,6185.51,5929.622,6138.748,1816052890.0,30047346046.2
2016/03/02,6136.483,6410.742,6136.483,6399.489,2084389258.0,34876496846.9
2016/03/03,6404.814,6524.42,6390.168,6404.891,2313672292.0,39410635564.0
2016/03/04,6378.815,6429.06,6211.328,6261.244,2197494971.0,37359431494.3
2016/03/07,6320.436,6433.51,6305.948,6352.877,1638447401.0,28032374864.2
2016/03/08,6339.847,6362.027,6113.929,6358.052,1906029584.0,32756700366.0
2016/03/09,6226.019,6344.226,6188.679,6242.926,1521002736.0,26550623668.4
2016/03/10,6251.849,6301.136,6159.198,6159.337,1191168824.0,20346393507.5
2016/03/11,6090.079,6188.971,6070.17,6140.842,1021034788.0,17018409418.0
2016/03/14,6208.32,6406.204,6208.32,6335.972,1845291942.0,32744237550.7
2016/03/15,6320.789,6352.266,6249.58,6273.005,1437047946.0,26568120157.6
2016/03/16,6307.851,6329.931,6163.828,6199.729,1168508111.0,20752490878.1
2016/03/17,6230.196,6435.319,6230.196,6410.727,1946344156.0,36669218279.0
2016/03/18,6442.76,6678.268,6438.097,6632.239,2903890398.0,53863574821.7
2016/03/21,6721.835,6801.93,6713.348,6801.93,2846943356.0,54187695965.3
2016/03/22,6768.326,6870.072,6731.131,6811.987,2750042191.0,53532082434.1
2016/03/23,6801.883,6887.846,6764.343,6887.846,2255003603.0,46001689154.5
2016/03/24,6825.694,6906.341,6772.881,6777.165,2439592316.0,51122826212.5
2016/03/25,6763.026,6843.02,6743.838,6812.943,1938595945.0,39942862330.4
2016/03/28,6851.088,6908.588,6731.592,6750.737,2245639344.0,42477283234.6
2016/03/29,6741.857,6756.111,6585.5,6638.835,1930796815.0,37561255740.3
2016/03/30,6703.492,6875.805,6703.492,6875.674,2220220020.0,45510282169.7
2016/03/31,6897.984,6923.55,6844.104,6864.801,2282973170.0,47334681545.5
2016/04/01,6837.746,6861.197,6709.258,6799.114,1852026829.0,35484312082.6
2016/04/05,6810.514,6991.19,6800.395,6975.494,2363626163.0,45866889478.1
2016/04/06,6951.415,7020.015,6934.137,7012.322,2253250035.0,43753403572.7
2016/04/07,7033.292,7048.023,6871.478,6871.478,2339943565.0,44555891546.9
2016/04/08,6825.662,6860.391,6748.839,6830.381,1989237483.0,36953643208.1
2016/04/11,6901.33,6981.887,6901.33,6943.452,1972528942.0,37102591899.2
2016/04/12,6947.037,6957.33,6824.052,6893.314,1746436550.0,33129250263.7
2016/04/13,6932.946,7060.888,6932.946,6985.258,2595255493.0,48771284501.4
2016/04/14,7024.741,7041.634,6968.136,7040.493,1964273589.0,36472014060.0
2016/04/15,7039.33,7044.281,6978.79,7011.919,1620450238.0,29525289504.9
2016/04/18,6960.635,6960.635,6845.454,6878.179,1512112463.0,28560131160.5
2016/04/19,6899.987,6919.775,6846.953,6894.248,1361503225.0,26840509915.4
2016/04/20,6901.139,6910.454,6517.725,6620.659,2443577869.0,43484690253.3
2016/04/21,6581.146,6662.971,6547.465,6553.734,1859292212.0,32917299471.5
2016/04/22,6516.594,6614.492,6501.625,6611.613,1573591491.0,27731904298.6
2016/04/25,6603.343,6617.329,6521.725,6595.642,1351778484.0,24297087377.7
2016/04/26,6591.68,6656.756,6577.562,6656.756,1389519402.0,25154289134.6
2016/04/27,6664.5,6691.485,6618.844,6625.581,1370990011.0,24977095288.8
2016/04/28,6631.923,6644.297,6515.252,6611.787,1445121347.0,25714667702.5
2016/04/29,6594.605,6653.189,6587.219,6616.827,1162319248.0,21063362161.9
2016/05/03,6621.946,6812.147,6593.444,6812.147,1906864659.0,34822246866.4
2016/05/04,6784.291,6854.624,6776.001,6804.804,1836653837.0,33622357562.1
2016/05/05,6791.196,6831.772,6763.79,6825.509,1434980338.0,26488538824.5
2016/05/06,6832.847,6843.969,6563.617,6563.617,2158872446.0,38281252258.5
2016/05/09,6513.656,6513.656,6364.539,6390.903,1709902956.0,28645045542.2
2016/05/10,6376.813,6427.26,6360.367,6400.159,1219169608.0,20152966469.0
2016/05/11,6440.626,6475.839,6367.588,6390.857,1481394470.0,24267710417.7
2016/05/12,6317.511,6430.75,6250.378,6426.766,1480489530.0,23579332431.0
2016/05/13,6414.097,6483.119,6364.805,6398.485,1257283239.0,20656592576.9
2016/05/16,6380.511,6512.528,6364.429,6512.528,1361217496.0,22298872656.6
2016/05/17,6518.909,6575.23,6461.938,6505.023,1670947938.0,28469237166.4
2016/05/18,6451.39,6452.314,6297.943,6366.701,1741559862.0,29167595230.6
2016/05/19,6357.907,6468.509,6357.907,6379.461,1537996008.0,26566108360.1
2016/05/20,6325.845,6433.558,6300.364,6433.558,1427742722.0,24146956385.4
2016/05/23,6451.36,6506.661,6447.808,6484.898,1560665467.0,26167692549.8
2016/05/24,6477.215,6477.215,6389.555,6420.264,1426138677.0,22194110992.4
2016/05/25,6466.442,6496.878,6386.704,6403.622,1395320073.0,23009698391.9
2016/05/26,6393.105,6428.493,6279.872,6426.308,1443466675.0,23662012799.6
2016/05/27,6410.698,6456.072,6394.113,6420.716,1341107733.0,22567702287.2
2016/05/30,6385.623,6439.666,6329.821,6383.635,1166734465.0,19673100455.0
2016/05/31,6405.828,6656.325,6405.828,6653.514,2552142611.0,44334551493.1
2016/06/01,6680.113,6747.373,6679.325,6693.934,2950924662.0,51963763873.5
2016/06/02,6683.964,6734.026,6669.268,6734.026,2411461745.0,40908180084.1
2016/06/03,6750.455,6847.179,6730.134,6802.302,2862953956.0,49564815749.1
2016/06/06,6839.952,6856.878,6788.085,6839.812,2343877836.0,41033573854.7
2016/06/07,6832.075,6835.885,6779.475,6820.265,2135303074.0,36298115407.3
2016/06/08,6810.048,6851.026,6739.753,6809.42,2194613159.0,38989248519.7
2016/06/13,6730.378,6775.084,6495.613,6495.613,2378428374.0,40565018699.2
2016/06/14,6472.289,6554.276,6452.659,6518.603,1715683606.0,27808750553.4
2016/06/15,6446.087,6739.544,6439.709,6710.72,2406222931.0,39060840230.1
2016/06/16,6693.919,6720.765,6653.389,6671.655,2139040468.0,34959722764.6
2016/06/17,6682.524,6775.914,6677.895,6720.074,2040154870.0,34462463060.3
2016/06/20,6719.404,6765.279,6670.252,6752.483,1840005312.0,30672104165.7
2016/06/21,6801.979,6865.405,6668.504,6698.009,2422824982.0,41537790287.2
2016/06/22,6677.665,6801.208,6672.45,6801.208,1832345315.0,31130274875.0
2016/06/23,6788.654,6798.157,6710.659,6759.77,1935387432.0,32712673607.2
2016/06/24,6741.226,6788.606,6493.631,6658.703,2606489376.0,42389847174.7
2016/06/27,6623.071,6816.714,6622.509,6816.662,2163887236.0,36954701707.6
2016/06/28,6787.772,6907.807,6777.573,6895.451,2814868418.0,49525955734.6
2016/06/29,6916.215,6933.125,6863.768,6886.861,2426083045.0,40254496978.8
2016/06/30,6890.347,6917.306,6864.138,6892.73,1939349535.0,34554076814.8
2016/07/01,6905.506,6935.92,6856.806,6875.682,1914814726.0,36721658954.4
2016/07/04,6820.044,6994.82,6812.627,6977.875,2490154730.0,46489475657.7
2016/07/05,6979.188,6992.771,6931.187,6971.673,2474011634.0,46437875616.8
2016/07/06,6948.916,6996.535,6926.006,6985.093,2187257689.0,40564833888.6
2016/07/07,6976.744,7017.328,6911.525,6993.505,2681094550.0,52449936633.9
2016/07/08,6992.742,7031.82,6967.604,6987.699,2310183592.0,46764718810.6
2016/07/11,6997.87,7032.872,6934.968,6940.179,2292908096.0,43550715624.7
2016/07/12,6929.326,7026.548,6856.779,7026.548,2633754076.0,51470216661.3
2016/07/13,7063.578,7128.009,7060.1,7095.748,2913546601.0,57189246717.7
2016/07/14,7093.396,7113.814,7057.554,7102.785,2222633537.0,45449910038.7
2016/07/15,7102.175,7115.847,7055.971,7093.012,2127366642.0,43856166922.7
2016/07/18,7071.757,7090.87,7022.436,7047.412,2075532319.0,40045640971.0
2016/07/19,7048.195,7076.653,6997.025,7063.662,1811103369.0,35856297970.9
2016/07/20,7070.758,7078.5,7030.516,7041.783,1672533039.0,32343320511.5
2016/07/21,7043.71,7104.315,7031.96,7053.891,1973663973.0,37334277156.9
2016/07/22,7056.802,7063.704,6998.252,7002.719,2041362614.0,39098655960.2
2016/07/25,6983.382,7053.73,6980.308,7014.428,1912760091.0,36571340614.4
2016/07/26,7014.844,7086.976,7014.407,7086.976,1686583210.0,30835216500.1
2016/07/27,7092.079,7101.778,6712.368,6783.557,2946932440.0,53772545302.5
2016/07/28,6779.881,6827.511,6680.658,6772.807,2049389867.0,37623811506.4
2016/07/29,6769.551,6791.258,6706.801,6736.08,1408380159.0,25942128900.2
2016/08/01,6708.995,6708.995,6586.432,6647.639,1378947270.0,25275384418.7
2016/08/02,6642.315,6685.351,6633.032,6685.292,1040917101.0,18466498201.2
2016/08/03,6677.046,6725.609,6663.174,6707.77,1168508586.0,21474930277.5
2016/08/04,6705.223,6763.827,6683.129,6759.158,1390964937.0,24862304013.2
2016/08/05,6754.61,6779.835,6729.763,6729.824,1404329719.0,24479463734.3
2016/08/08,6717.153,6823.498,6683.641,6823.498,1473390741.0,25211256484.2
2016/08/09,6826.867,6884.046,6820.846,6884.046,1628577963.0,28850995266.3
2016/08/10,6881.858,6899.855,6842.645,6843.024,1466986180.0,27089843484.9
2016/08/11,6830.653,6855.952,6754.641,6754.641,1400787166.0,25280927938.6
2016/08/12,6744.396,6830.849,6737.113,6829.867,1420600392.0,24146400310.5
2016/08/15,6847.783,7027.131,6837.191,6995.678,2736121457.0,48636854747.4
2016/08/16,7004.099,7033.332,6997.782,7008.886,2523500363.0,45157830140.3
2016/08/17,7024.093,7058.64,6997.706,7032.515,2114696193.0,39209117742.4
2016/08/18,7028.595,7053.438,6994.653,7015.538,2054053928.0,36428065349.4
2016/08/19,7014.41,7043.717,6990.5,7021.191,1634145526.0,29027890027.5
2016/08/22,7017.495,7035.781,6937.47,6938.088,1519816361.0,28034872787.7
2016/08/23,6935.88,6981.939,6911.054,6953.105,1315749153.0,24903781807.7
2016/08/24,6959.578,7005.839,6951.529,6969.064,1288829907.0,24477158402.3
2016/08/25,6936.468,6937.793,6861.015,6925.737,1622399652.0,29554998000.3
2016/08/26,6944.881,6998.63,6931.313,6942.077,1466943745.0,27220383531.6
2016/08/29,6944.304,6979.235,6937.68,6961.593,1347753253.0,25407599347.6
2016/08/30,6963.333,7004.36,6955.377,6966.576,1242060951.0,23108153448.3
2016/08/31,6972.983,6979.673,6917.9,6961.141,1252048264.0,22289346534.1
2016/09/01,6964.143,6973.47,6912.747,6912.747,1234164332.0,21912672453.4
2016/09/02,6898.642,6929.452,6839.803,6872.163,1268840200.0,23691001884.8
2016/09/05,6889.909,6931.829,6877.366,6884.966,1148738217.0,20698654434.0
2016/09/06,6892.729,7005.393,6840.005,7005.393,1711277155.0,31776254332.5
2016/09/07,7002.047,7023.927,6977.642,6986.073,1746238565.0,31363636907.8
2016/09/08,6979.687,6998.071,6957.599,6988.116,1327768511.0,24547277565.8
2016/09/09,6995.258,7013.311,6935.741,6935.741,1494329171.0,27371714021.4
2016/09/12,6813.259,6848.311,6731.36,6731.843,1799713405.0,31154193203.6
2016/09/13,6773.66,6790.694,6738.36,6774.01,1350709887.0,23042840143.5
