2015/12/01,7381.964,7866.273,7337.436,7773.64,3425503377.0,46851127719.4
2015/12/02,7728.755,8049.318,7626.832,8005.679,3631829579.0,49548374597.2
2015/12/03,8040.988,8184.502,7960.648,8176.396,3190574011.0,42962640820.2
2015/12/04,8095.451,8183.374,8022.085,8034.086,2790406404.0,39730801791.4
2015/12/07,8034.617,8067.71,7902.698,7991.955,2325771791.0,36267414824.7
2015/12/08,7939.333,7956.7,7756.91,7798.343,2197798097.0,29734656004.5
2015/12/09,7806.409,8038.074,7799.106,8013.227,2429678633.0,31661425984.5
2015/12/10,7990.204,8206.292,7916.79,7926.36,2086482288.0,30644480149.4
2015/12/11,7866.668,7949.041,7801.499,7913.819,1812779957.0,25740857881.8
2015/12/14,7837.556,8089.579,7828.545,8065.577,1645479040.0,22708755411.2
2015/12/15,8091.487,8346.925,8091.487,8250.751,1870839305.0,27078202163.2
2015/12/16,8217.45,8260.187,8126.629,8150.634,1572765353.0,22434790337.6
2015/12/17,8205.1,8628.915,8205.1,8607.239,2958124497.0,40288036761.8
2015/12/18,8640.024,8885.606,8577.138,8703.133,2782114782.0,38104517893.1
2015/12/21,8715.51,8925.619,8714.592,8903.058,2604283731.0,33230736364.3
2015/12/22,8953.476,8999.73,8842.141,8981.081,2383959748.0,31347393497.3
2015/12/23,8966.991,9079.572,8943.055,8976.45,2716621186.0,35535680165.0
2015/12/24,8971.385,8979.072,8759.856,8850.292,2099465414.0,27300754829.5
2015/12/25,8863.828,8925.649,8811.87,8876.0,1944962287.0,24993446203.6
2015/12/28,8899.129,8908.867,8631.016,8633.569,2177999528.0,29541990460.3
2015/12/29,8622.347,8683.855,8546.003,8683.351,1566757177.0,20879773265.3
2015/12/30,8653.76,8653.76,8559.12,8629.437,1964304889.0,30936534245.1
2015/12/31,8615.469,8660.075,8496.413,8497.531,1740656444.0,26200671198.4
2016/01/04,8485.381,8485.416,7871.495,7873.399,1818080759.0,21857880790.7
2016/01/05,7587.433,7923.249,7529.447,7807.018,2556241858.0,28037225529.8
2016/01/06,7828.295,7950.289,7766.244,7949.419,1996121908.0,22181162796.8
2016/01/07,7824.988,7824.988,7312.635,7321.259,578141101.0,6521959381.66
2016/01/08,7448.197,7547.168,7057.448,7421.133,2417533033.0,26590623637.8
2016/01/11,7279.08,7347.11,6993.817,7014.412,2465893305.0,24867454867.4
2016/01/12,7016.013,7179.605,6931.905,7090.481,2049265720.0,20922742581.8
2016/01/13,7119.746,7177.817,6897.762,6898.528,1770877499.0,17648652058.8
2016/01/14,6690.124,7103.297,6678.77,7095.79,1949811426.0,19992801669.7
2016/01/15,7035.076,7101.371,6794.622,6842.723,1841327572.0,18259913538.4
2016/01/18,6708.528,6981.286,6699.904,6889.482,1416420202.0,14628701898.5
2016/01/19,6901.565,7172.289,6890.477,7149.362,1941336754.0,19332517281.2
2016/01/20,7108.365,7186.776,7010.162,7043.156,1983591739.0,19452426576.6
2016/01/21,6935.194,7084.238,6793.445,6802.718,1608443825.0,16065759607.0
2016/01/22,6861.739,6912.684,6722.576,6874.071,1296747695.0,12461305724.5
2016/01/25,6912.215,6968.528,6856.251,6916.007,1100812988.0,11081263357.3
2016/01/26,6848.377,6868.31,6451.864,6474.746,1580591099.0,14860389608.8
2016/01/27,6477.945,6507.085,6188.904,6425.427,1618415538.0,14286986632.9
2016/01/28,6369.175,6459.384,6238.742,6251.904,1318220060.0,11865046520.6
2016/01/29,6254.716,6511.097,6254.716,6472.37,1390170671.0,12514228182.7
2016/02/01,6473.253,6502.574,6338.239,6424.516,1274822774.0,11216812207.4
2016/02/02,6421.685,6643.411,6421.685,6613.685,1414774727.0,13051292242.1
2016/02/03,6613.195,6713.959,6589.905,6681.912,1657167050.0,14584619512.6
2016/02/04,6678.538,6749.981,6666.37,6712.219,1432304025.0,13104721862.5
2016/02/05,6725.993,6731.999,6605.571,6606.425,964131816.0,8921940474.57
2016/02/15,6419.457,6587.069,6416.073,6554.042,921412032.0,8752056743.37
2016/02/16,6579.091,6770.289,6579.091,6765.278,1355263182.0,12865661925.0
2016/02/17,6759.393,6849.356,6736.623,6844.882,1644185718.0,15323785812.9
2016/02/18,6889.597,6925.185,6828.577,6835.781,1756344489.0,16854393790.4
2016/02/19,6817.713,6853.001,6768.031,6825.601,1327583732.0,12184712216.1
2016/02/22,6934.565,6997.275,6925.294,6978.354,1777982507.0,17057921419.4
2016/02/23,6974.861,6978.313,6852.846,6919.597,1373143540.0,13242933845.0
2016/02/24,6892.535,6969.013,6840.767,6969.013,1340599236.0,13788833390.2
2016/02/25,6954.823,6954.823,6468.494,6511.535,1805380097.0,16908841949.0
2016/02/26,6548.761,6592.444,6445.551,6558.11,1184288013.0,10761509913.9
2016/02/29,6593.06,6668.038,6352.223,6453.428,1775433487.0,16055343051.1
2016/03/01,6501.587,6708.264,6452.46,6641.311,2108338568.0,19381148801.8
2016/03/02,6623.675,7072.54,6623.675,7070.309,3339090771.0,30826245487.4
2016/03/03,7166.997,7251.636,7046.543,7058.353,4683474550.0,40797841724.2
2016/03/04,7001.13,7145.763,6879.591,6968.783,3060255440.0,28487639853.7
2016/03/07,7026.132,7082.357,6946.045,6997.549,1835878742.0,17302596866.7
2016/03/08,6987.373,6987.373,6693.148,6914.226,2050828178.0,18667319658.2
2016/03/09,6785.976,6821.364,6713.477,6784.484,1406123732.0,13404088040.1
2016/03/10,6774.845,6809.599,6634.553,6637.571,1199107733.0,11291024084.0
2016/03/11,6583.877,6629.867,6515.307,6590.82,1004837866.0,9066845943.15
2016/03/14,6652.138,6806.848,6652.138,6737.313,1477650543.0,13668071715.1
2016/03/15,6726.39,6739.51,6620.372,6698.566,1292082534.0,12150571679.9
2016/03/16,6698.662,6722.377,6649.876,6661.062,1254833292.0,12313199960.3
2016/03/17,6683.565,6800.124,6647.28,6781.363,1527211966.0,14684468256.4
2016/03/18,6788.154,6969.584,6787.688,6944.485,2389824151.0,23059556647.4
2016/03/21,7010.318,7084.13,6982.353,7076.792,2498904959.0,24087517730.4
2016/03/22,7028.082,7051.643,6985.571,6999.481,1819232471.0,17646252321.0
2016/03/23,6971.694,7027.773,6943.04,7011.271,1437203533.0,14156308988.4
2016/03/24,6959.146,7024.165,6901.001,6924.428,1722565592.0,16579718045.3
2016/03/25,6912.772,7002.443,6912.772,6983.877,1361255016.0,13573878375.9
2016/03/28,6989.917,7026.977,6899.811,6920.208,1779510492.0,19026021905.9
2016/03/29,6912.029,6921.824,6781.805,6815.152,1392864854.0,14650108582.0
2016/03/30,6862.054,6975.95,6862.054,6972.984,1434475087.0,15632448598.8
2016/03/31,6994.572,7012.265,6942.439,6958.449,1463743081.0,16083411454.0
2016/04/01,6940.388,6961.146,6854.185,6961.146,1249347636.0,12868323295.5
2016/04/05,6966.092,7106.83,6966.092,7098.425,1846339991.0,18937985468.4
2016/04/06,7081.791,7118.1,7039.086,7093.379,1594031912.0,16742917577.6
2016/04/07,7116.546,7125.075,6996.316,6999.015,1622009846.0,16434177310.6
2016/04/08,6961.158,6984.888,6897.537,6959.468,1278627668.0,12951481633.2
2016/04/11,7005.845,7086.232,7005.845,7047.523,1403684478.0,14493996047.7
2016/04/12,7041.503,7061.537,6959.004,7005.324,1230690078.0,12795591616.8
2016/04/13,7039.188,7138.889,7039.188,7077.346,1961797096.0,19270923322.3
2016/04/14,7108.575,7129.931,7072.848,7129.931,1878716432.0,14794304808.5
2016/04/15,7136.204,7140.105,7079.991,7119.026,1512456460.0,13487320898.0
2016/04/18,7085.624,7085.624,7000.505,7008.286,1329362344.0,12868657149.0
2016/04/19,7047.232,7067.713,7000.882,7048.879,1222044797.0,12049299133.7
2016/04/20,7061.838,7070.087,6721.188,6847.219,2025618451.0,20635145955.0
2016/04/21,6816.895,6871.016,6767.656,6776.221,1095811019.0,11091677290.4
2016/04/22,6745.088,6829.383,6729.064,6825.385,854702360.0,8677736439.53
2016/04/25,6806.49,6806.49,6730.753,6771.019,744871942.0,7443578672.23
2016/04/26,6770.486,6835.72,6770.486,6834.777,736742355.0,7734150656.96
2016/04/27,6842.588,6881.568,6828.205,6839.165,976665744.0,10279834726.9
2016/04/28,6844.035,6850.719,6750.624,6820.229,908383296.0,9737170813.89
2016/04/29,6803.247,6832.675,6783.955,6795.547,820744304.0,8435084636.79
2016/05/03,6799.006,6903.453,6779.377,6903.414,1125431510.0,11617492076.2
2016/05/04,6889.847,6935.855,6884.731,6910.981,1102377150.0,12018470998.8
2016/05/05,6904.524,6971.423,6898.416,6968.276,1094939151.0,12358686547.8
2016/05/06,6973.734,6987.304,6811.538,6811.773,1470694839.0,16120763391.3
2016/05/09,6774.029,6774.029,6614.268,6636.176,1225076265.0,12337274993.7
2016/05/10,6632.246,6668.982,6615.986,6644.953,779500538.0,8256551455.19
2016/05/11,6675.393,6687.67,6616.712,6636.814,810856741.0,8245303637.28
2016/05/12,6586.083,6613.092,6497.002,6611.248,851676495.0,8151850346.62
2016/05/13,6599.24,6643.384,6548.072,6575.74,661488451.0,6627276610.02
2016/05/16,6565.528,6615.336,6518.626,6614.775,654849126.0,6671561796.2
2016/05/17,6594.626,6600.502,6537.977,6566.066,725523113.0,7748786585.5
2016/05/18,6552.785,6567.309,6454.19,6522.258,1015395093.0,10894378798.5
2016/05/19,6513.005,6567.997,6500.241,6509.204,726811669.0,8354648008.23
2016/05/20,6471.404,6537.047,6450.003,6536.678,631308137.0,7028320191.04
2016/05/23,6541.622,6596.155,6541.485,6582.87,691450745.0,7734749839.57
2016/05/24,6577.187,6577.187,6508.175,6531.473,775509899.0,7731988371.23
2016/05/25,6559.004,6571.25,6486.798,6506.55,756233958.0,7790089736.36
2016/05/26,6502.244,6522.79,6403.148,6499.699,780161372.0,7543535400.74
2016/05/27,6487.814,6535.582,6467.103,6506.728,851863549.0,8385472937.1
2016/05/30,6485.208,6505.214,6442.038,6477.854,627049081.0,6370674046.64
2016/05/31,6482.457,6665.126,6482.457,6664.208,1372921185.0,13716030531.3
2016/06/01,6667.004,6683.855,6641.285,6661.638,1208119601.0,12218174145.8
2016/06/02,6660.067,6698.818,6655.65,6692.158,1019038302.0,10584934570.6
2016/06/03,6704.014,6720.915,6667.718,6701.685,1015551260.0,10672172312.7
2016/06/06,6720.248,6735.458,6699.786,6728.66,971969806.0,10498068924.2
2016/06/07,6726.063,6731.238,6686.563,6704.638,786015908.0,8374689322.8
2016/06/08,6689.809,6722.837,6646.982,6702.704,924401863.0,10014094855.9
2016/06/13,6645.703,6645.703,6474.878,6476.85,1072959770.0,11176321670.2
2016/06/14,6460.439,6492.077,6444.037,6491.825,709091221.0,7013936696.74
2016/06/15,6435.882,6619.209,6428.261,6603.965,1059296709.0,10436317933.2
2016/06/16,6593.158,6600.148,6550.45,6563.568,1009712730.0,10356521681.6
2016/06/17,6572.796,6622.575,6572.292,6598.328,954869366.0,10061135769.9
2016/06/20,6616.513,6624.6,6570.545,6617.447,818892489.0,8679791867.59
2016/06/21,6643.267,6667.914,6581.264,6599.717,1040965763.0,10829834553.4
2016/06/22,6585.106,6647.386,6579.518,6647.386,800589280.0,7962438194.62
2016/06/23,6643.488,6644.613,6586.545,6606.133,839159691.0,7952509722.98
2016/06/24,6598.286,6643.343,6435.869,6526.058,1189053298.0,11280463306.8
2016/06/27,6497.818,6612.596,6495.875,6612.179,989340775.0,8982261108.84
2016/06/28,6590.667,6635.282,6566.514,6634.899,954619280.0,9579868626.9
2016/06/29,6648.754,6662.788,6632.033,6650.284,1017622988.0,10790170693.4
2016/06/30,6650.589,6667.864,6630.676,6659.971,836568376.0,8843146853.92
2016/07/01,6657.548,6684.174,6656.485,6663.211,896548467.0,8895746562.42
2016/07/04,6535.038,6666.919,6528.676,6658.22,1268496037.0,11952573402.0
2016/07/05,6576.38,6617.769,6575.408,6617.461,1513628167.0,16405531861.7
2016/07/06,6601.328,6705.265,6574.512,6631.318,2294901631.0,32208057673.4
2016/07/07,6589.384,6598.466,6534.99,6569.622,1448841787.0,18112880722.2
2016/07/08,6553.405,6564.503,6504.92,6547.89,1083432435.0,13470923495.5
2016/07/11,6540.045,6564.171,6499.03,6507.388,1161133962.0,13519887403.5
2016/07/12,6504.744,6582.736,6440.068,6582.113,1451619980.0,16184439537.9
2016/07/13,6588.89,6643.667,6588.89,6641.831,1678480414.0,18132432963.9
2016/07/14,6643.293,6693.092,6625.764,6648.043,1571340987.0,15313804769.3
2016/07/15,6658.257,6694.923,6656.375,6671.131,1432907343.0,14322665744.2
2016/07/18,6647.488,6671.312,6604.75,6623.539,1314143098.0,13963511510.1
2016/07/19,6608.172,6618.279,6540.861,6583.595,1231836683.0,14583301157.0
2016/07/20,6567.253,6600.897,6534.371,6555.183,1358099062.0,15274523731.4
2016/07/21,6545.067,6603.847,6541.659,6567.908,1268110547.0,13828283817.0
2016/07/22,6565.959,6592.516,6521.913,6532.975,1470363448.0,17076248392.8
2016/07/25,6525.251,6594.512,6501.507,6571.892,1443338653.0,16907252031.8
2016/07/26,6565.639,6628.624,6558.914,6628.624,1342426178.0,14645072981.9
2016/07/27,6616.125,6625.697,6313.99,6449.058,1997028687.0,21639410666.1
2016/07/28,6431.472,6492.575,6379.833,6481.04,1395190983.0,15772309297.5
2016/07/29,6429.616,6435.487,6380.726,6390.343,1101200292.0,13094924579.7
2016/08/01,6369.714,6374.367,6268.078,6310.82,1074218194.0,11679566114.7
2016/08/02,6304.954,6399.769,6304.954,6399.067,876382383.0,10249441574.5
2016/08/03,6385.624,6483.988,6373.931,6475.033,1201100405.0,13442516196.3
2016/08/04,6459.945,6613.027,6421.323,6612.113,1646572739.0,20011804847.1
2016/08/05,6657.755,6776.316,6612.58,6671.936,1854358874.0,22754619113.6
2016/08/08,6654.413,6862.78,6640.281,6809.515,2175293903.0,24554034430.8
2016/08/09,6823.59,6839.711,6764.313,6835.431,1726383878.0,20102148795.5
2016/08/10,6811.774,6820.671,6736.216,6737.776,1347650872.0,15376899572.4
2016/08/11,6725.461,6731.967,6655.781,6659.815,1275705608.0,13901895285.4
2016/08/12,6658.63,7012.25,6654.625,6997.281,2656826171.0,30222469669.8
2016/08/15,7079.302,7393.529,7079.302,7373.788,4323336280.0,48330376262.0
2016/08/16,7477.615,7537.939,7377.259,7444.531,3741868097.0,45711859947.5
2016/08/17,7378.846,7409.167,7258.076,7308.592,2777558503.0,35505904985.6
2016/08/18,7287.931,7713.612,7284.801,7449.119,4905015668.0,52884210592.1
2016/08/19,7389.14,7390.481,7312.446,7338.645,2960004385.0,32304104410.7
2016/08/22,7354.141,7448.298,7275.216,7285.661,2363763917.0,28389053107.1
2016/08/23,7250.45,7307.567,7181.58,7247.555,1995528853.0,25237466842.0
2016/08/24,7233.873,7260.93,7154.567,7182.651,1618118405.0,19615027572.5
2016/08/25,7109.2,7110.325,6963.479,7050.938,1848678069.0,21977301916.2
2016/08/26,7068.0,7093.585,7013.477,7028.066,1262898615.0,15305862883.0
2016/08/29,7027.392,7083.624,7027.392,7074.173,1095451854.0,12838896621.4
2016/08/30,7076.586,7095.207,7032.781,7041.546,1061127601.0,12508907203.6
2016/08/31,7040.286,7273.258,7022.571,7216.348,1995573890.0,25931721885.0
2016/09/01,7195.396,7195.396,6996.817,6999.256,1812124735.0,23239750489.2
2016/09/02,6973.049,7082.966,6972.215,7029.164,1275178175.0,16434946758.0
2016/09/05,7033.191,7040.335,6986.165,7001.787,917087965.0,11085889648.4
2016/09/06,7000.288,7037.923,6927.894,7037.215,1097192996.0,12558351181.5
2016/09/07,7043.046,7068.136,7014.482,7022.103,1023102831.0,11449816345.0
2016/09/08,7008.53,7108.694,7006.727,7035.826,969857193.0,12027454142.4
2016/09/09,7031.313,7034.886,6963.453,6965.255,1028625833.0,12056926481.0
2016/09/12,6849.653,6922.071,6816.343,6922.071,1501315363.0,16969722226.5
2016/09/13,6926.737,6951.431,6900.7,6951.307,1279812536.0,13734614408.1
