2015/12/01,7911.686,8031.789,7821.619,7944.767,1566304593.0,24986524829.0
2015/12/02,7938.454,8498.425,7911.298,8432.98,2813844756.0,45394350016.0
2015/12/03,8365.878,8601.323,8295.777,8435.592,2279093153.0,38381361796.0
2015/12/04,8329.631,8362.718,8166.083,8214.468,1631770704.0,26933138686.0
2015/12/07,8180.959,8199.952,8036.065,8123.412,1243752253.0,20765988300.0
2015/12/08,8058.569,8207.042,7965.469,7979.941,1263277908.0,20628889503.0
2015/12/09,7941.051,8122.665,7927.885,8005.682,1084512047.0,17822541859.0
2015/12/10,8066.145,8421.976,8042.451,8064.237,1986248883.0,33969276790.0
2015/12/11,7952.994,8292.52,7879.569,8136.158,1756258047.0,30288303012.0
2015/12/14,8007.274,8871.388,8005.99,8870.655,3156510367.0,54461569034.0
2015/12/15,8828.939,8828.939,8565.374,8594.342,2597981042.0,46870461067.0
2015/12/16,8653.943,8817.001,8573.592,8624.968,1953056081.0,35014776958.0
2015/12/17,8731.566,8920.484,8640.979,8750.865,2475669628.0,45084817587.0
2015/12/18,8713.495,8797.843,8614.135,8659.479,1641992707.0,29216826454.0
2015/12/21,8622.719,8975.065,8617.166,8811.413,2150000924.0,38747769306.0
2015/12/22,8822.217,8992.852,8774.149,8933.5,2122391672.0,35345636471.0
2015/12/23,8960.021,9516.209,8938.215,9112.284,4542697124.0,82054403347.0
2015/12/24,9003.118,9041.049,8608.404,8760.143,2719163424.0,47731002721.0
2015/12/25,8773.61,8869.666,8666.264,8796.461,1430635465.0,24859600101.0
2015/12/28,8891.885,8906.769,8424.077,8424.214,2109398862.0,35977759345.0
2015/12/29,8414.707,8543.589,8414.707,8542.676,1106780671.0,19897735134.0
2015/12/30,8542.485,8566.411,8388.558,8520.207,1208834837.0,21313178027.0
2015/12/31,8502.052,8579.216,8398.238,8400.541,1091565225.0,19367705383.0
2016/01/04,8358.881,8382.005,7612.971,7614.786,1276387854.0,20609918223.0
2016/01/05,7313.381,7742.698,7277.752,7623.043,1739604923.0,26608061061.0
2016/01/06,7599.396,7778.752,7495.996,7743.604,1393055310.0,21713564985.0
2016/01/07,7511.28,7536.331,6993.085,7013.044,466159141.0,6612504651.0
2016/01/08,7209.875,7497.321,6810.144,7201.725,2310259990.0,33325913959.0
2016/01/11,6980.196,7067.435,6611.143,6617.495,1845731835.0,25493195425.0
2016/01/12,6720.441,6888.364,6658.895,6729.52,1604056451.0,22223258636.0
2016/01/13,6799.593,6896.897,6671.287,6682.178,1731774411.0,24413819168.0
2016/01/14,6452.903,6895.272,6452.903,6884.11,1691736712.0,23354524350.0
2016/01/15,6823.823,6851.193,6589.326,6663.94,1444103949.0,20911858825.0
2016/01/18,6525.798,6794.302,6525.798,6692.28,1061973088.0,14968684410.0
2016/01/19,6700.667,6972.359,6663.11,6930.087,1568984292.0,22974930600.0
2016/01/20,6891.566,6967.487,6802.263,6853.773,1323003713.0,19508083611.0
2016/01/21,6767.736,6945.766,6545.11,6545.11,1296068150.0,18569423501.0
2016/01/22,6642.468,6695.149,6463.281,6638.761,949758709.0,13455577363.0
2016/01/25,6668.451,6735.259,6601.244,6660.094,861885316.0,11151129167.0
2016/01/26,6565.869,6587.432,6039.151,6053.057,1499710001.0,19285254897.0
2016/01/27,6074.957,6117.042,5739.38,5968.322,1626400726.0,19562488189.0
2016/01/28,5918.199,6108.852,5800.058,5825.703,1327487549.0,16072108247.0
2016/01/29,5859.23,6223.518,5852.207,6171.899,1748705779.0,21684940418.0
2016/02/01,6126.64,6146.378,5959.23,6060.516,1146409644.0,14252770226.0
2016/02/02,6063.62,6291.022,6061.091,6236.483,1139412277.0,14256501774.0
2016/02/03,6149.092,6225.966,6089.511,6200.724,958239994.0,11196417353.0
2016/02/04,6240.325,6366.741,6240.325,6301.857,1123609893.0,13939254694.0
2016/02/05,6200.79,6233.791,6090.637,6090.637,1061162890.0,12980075938.0
2016/02/15,5870.693,6033.934,5870.693,5998.923,758763008.0,8864275367.0
2016/02/16,6063.405,6312.495,6063.405,6292.36,1342191482.0,17103963322.0
2016/02/17,6264.646,6361.284,6245.676,6354.294,1231004931.0,15658978920.0
2016/02/18,6416.981,6567.573,6341.623,6344.321,1467365305.0,18915645860.0
2016/02/19,6324.894,6428.624,6302.22,6389.143,944297915.0,12115471455.0
2016/02/22,6498.22,6705.784,6421.198,6614.54,1709058768.0,22850781634.0
2016/02/23,6608.189,6608.189,6412.246,6492.379,1148280866.0,14895554915.0
2016/02/24,6462.922,6546.693,6356.973,6542.37,1068180928.0,13840277650.0
2016/02/25,6517.034,6517.034,5924.001,5957.698,1601832610.0,19550318838.0
2016/02/26,6033.477,6081.496,5886.413,6022.059,1108724964.0,13349352298.0
2016/02/29,5980.544,5981.461,5644.887,5819.006,1412711707.0,16399403841.0
2016/03/01,5844.75,6233.738,5787.818,6069.591,1523584103.0,18573236812.0
2016/03/02,6087.483,6470.841,6069.255,6448.655,2106183987.0,26834827622.0
2016/03/03,6411.63,6516.89,6360.26,6412.372,1779446687.0,22731349778.0
2016/03/04,6381.25,6509.808,6307.527,6460.156,2154853593.0,27571792613.0
2016/03/07,6533.188,6606.545,6460.718,6498.308,1414086356.0,18674249709.0
2016/03/08,6478.95,6499.841,6203.009,6499.841,1345808801.0,17156192594.0
2016/03/09,6333.975,6440.431,6281.914,6412.923,1149159267.0,14831228162.0
2016/03/10,6364.941,6416.565,6202.302,6203.356,802886085.0,10238639205.0
2016/03/11,6125.135,6361.342,6119.458,6295.361,973284127.0,12809769207.0
2016/03/14,6364.109,6624.032,6334.318,6451.765,1677409540.0,22100617706.0
2016/03/15,6423.033,6441.769,6312.915,6411.848,954659411.0,12473492088.0
2016/03/16,6405.371,6503.319,6401.959,6437.171,1367896786.0,17503432866.0
2016/03/17,6470.076,6699.24,6419.775,6617.756,1814115431.0,23610183548.0
2016/03/18,6651.802,6936.994,6633.665,6844.299,2886436527.0,37991765925.0
2016/03/21,7089.577,7528.573,7087.002,7525.662,5361051111.0,74742090756.0
2016/03/22,7416.595,7483.743,7248.062,7301.365,3637432944.0,53878272420.0
2016/03/23,7242.552,7457.051,7188.045,7422.331,2797146414.0,41242491686.0
2016/03/24,7268.665,7298.408,7082.559,7082.802,2263520602.0,34806300192.0
2016/03/25,7063.666,7186.673,7060.106,7159.229,1731965951.0,27291792329.0
2016/03/28,7164.755,7241.994,6970.531,6988.131,1646553440.0,24139680758.0
2016/03/29,7002.549,7078.479,6865.949,6958.641,1701546229.0,25549276778.0
2016/03/30,7071.708,7213.818,7068.413,7189.847,2112255837.0,31773814843.0
2016/03/31,7234.8,7398.232,7158.859,7213.356,2217084899.0,33958836846.0
2016/04/01,7175.782,7232.966,7020.083,7170.526,1528467847.0,23318676872.0
2016/04/05,7141.853,7397.281,7136.892,7305.331,1964871433.0,29950535138.0
2016/04/06,7258.905,7333.41,7176.182,7255.972,1382417936.0,20697886106.0
2016/04/07,7289.313,7311.472,7079.844,7084.013,1298786877.0,20199852843.0
2016/04/08,7010.202,7021.219,6872.481,6952.041,1324193882.0,19929681265.0
2016/04/11,7225.389,7310.396,7150.526,7152.374,2096974366.0,29570856098.0
2016/04/12,7122.058,7165.361,7040.551,7131.716,1148716233.0,15242372770.0
2016/04/13,7198.285,7480.717,7198.285,7323.988,2771666898.0,38691427973.0
2016/04/14,7365.733,7391.619,7279.316,7368.589,1329506093.0,18771889372.0
2016/04/15,7362.352,7380.209,7285.169,7330.962,1060970998.0,15120226410.0
2016/04/18,7244.975,7244.975,7130.059,7153.038,1218544197.0,16877574646.0
2016/04/19,7203.502,7224.37,7124.058,7205.969,957529276.0,13330794169.0
2016/04/20,7207.254,7217.923,6811.887,7087.044,1961779617.0,26412355453.0
2016/04/21,6977.835,7123.994,6958.05,6986.874,1216921660.0,18226242921.0
2016/04/22,6922.138,7050.384,6916.339,7038.964,929831595.0,13691481451.0
2016/04/25,6996.141,6996.141,6873.296,6936.421,850767270.0,12272686112.0
2016/04/26,6939.4,7036.555,6902.961,7007.461,866213877.0,13115987499.0
2016/04/27,6999.74,7017.183,6911.518,6915.78,823502390.0,12182203353.0
2016/04/28,6926.518,6943.556,6806.777,6883.694,972652041.0,14549716404.0
2016/04/29,6841.059,6884.011,6833.208,6845.063,677066188.0,9889107488.0
2016/05/03,6846.122,7056.357,6830.952,7002.603,1393235971.0,20062670555.0
2016/05/04,6958.501,7001.303,6934.504,6966.299,888817292.0,13153605890.0
2016/05/05,6939.733,6989.605,6928.533,6971.913,778272060.0,11217189258.0
2016/05/06,6978.628,6997.769,6701.407,6701.407,1386680235.0,19862873327.0
2016/05/09,6632.815,6633.007,6447.388,6491.635,1151883759.0,15393325829.0
2016/05/10,6452.918,6528.147,6431.992,6472.708,712425816.0,9542230864.0
2016/05/11,6513.344,6527.154,6423.913,6439.975,696894971.0,9294764403.0
2016/05/12,6373.512,6499.4,6310.947,6483.284,801653440.0,10624203859.0
2016/05/13,6459.926,6517.53,6398.022,6431.018,621006808.0,8172203643.0
2016/05/16,6393.633,6475.467,6360.874,6474.365,534900774.0,7173653287.0
2016/05/17,6482.932,6570.706,6411.047,6490.648,802596134.0,11244978866.0
2016/05/18,6431.583,6520.598,6368.877,6504.863,1093968958.0,14858467785.0
2016/05/19,6465.992,6534.7,6449.709,6467.645,682125246.0,9511531355.0
2016/05/20,6418.069,6547.1,6398.454,6546.265,773273253.0,10584218353.0
2016/05/23,6542.031,6626.576,6527.85,6563.785,876933131.0,12448121938.0
2016/05/24,6546.993,6546.993,6472.84,6487.267,564170457.0,7681832764.0
2016/05/25,6540.186,6607.133,6496.33,6497.328,649005452.0,9008119181.0
2016/05/26,6489.11,6545.328,6418.435,6529.109,689679352.0,9135753408.0
2016/05/27,6515.835,6543.093,6473.482,6496.989,516840181.0,6895898059.0
2016/05/30,6478.73,6563.686,6428.03,6530.284,611612602.0,8190503847.0
2016/05/31,6535.662,7038.489,6535.662,7023.349,2546929649.0,34548754210.0
2016/06/01,7039.657,7095.501,6930.139,6930.554,2065115837.0,29267542478.0
2016/06/02,6925.894,7001.241,6902.288,6978.226,1392579530.0,19711867390.0
2016/06/03,6981.885,7091.352,6906.977,6983.858,1663117726.0,23793985232.0
2016/06/06,6983.73,7002.269,6909.765,6926.362,881764646.0,12504171164.0
2016/06/07,6943.349,7025.311,6943.349,6961.171,1049746955.0,14219136697.0
2016/06/08,6941.271,6958.618,6854.984,6911.17,1066277638.0,15193777845.0
2016/06/13,6803.249,6866.639,6579.727,6581.196,1126546381.0,15365822150.0
2016/06/14,6556.436,6656.221,6536.446,6645.657,988246630.0,12519452054.0
2016/06/15,6524.805,6855.903,6519.302,6748.785,1236007819.0,16508553749.0
2016/06/16,6711.918,6732.448,6640.65,6652.909,791784183.0,10547511729.0
2016/06/17,6661.071,6795.624,6656.262,6690.592,904667899.0,12431283988.0
2016/06/20,6700.915,6721.989,6641.021,6706.442,672516020.0,9156714839.0
2016/06/21,6763.886,7059.516,6752.506,6778.791,1761419482.0,24428719239.0
2016/06/22,6741.306,6907.012,6733.105,6906.604,1148320056.0,15830909973.0
2016/06/23,6894.52,6900.409,6795.155,6874.837,885394436.0,12498063918.0
2016/06/24,6853.894,6943.808,6615.629,6753.238,1527574526.0,19856998954.0
2016/06/27,6722.531,6897.33,6721.638,6895.794,1315229663.0,17361621153.0
2016/06/28,6857.521,7069.462,6831.228,7010.875,1783730781.0,25065809442.0
2016/06/29,7025.387,7085.653,6982.112,6990.258,1432012025.0,20557855287.0
2016/06/30,7017.124,7089.502,7005.171,7014.485,1153290554.0,16789979264.0
2016/07/01,7040.836,7082.051,6967.71,6983.308,1003191875.0,14089812760.0
2016/07/04,6929.193,7274.995,6916.249,7197.582,1970983695.0,27773348434.0
2016/07/05,7172.753,7253.563,7159.219,7189.079,1148203905.0,16274446443.0
2016/07/06,7171.326,7207.397,7105.736,7167.006,1034381790.0,13892463363.0
2016/07/07,7165.543,7234.207,7071.726,7178.364,1206089820.0,16893566094.0
2016/07/08,7169.56,7264.807,7155.823,7194.392,1253499116.0,18502247731.0
2016/07/11,7194.906,7332.618,7169.911,7171.015,1617678042.0,22959939486.0
2016/07/12,7166.586,7362.963,7134.311,7356.967,2038754554.0,29821206660.0
2016/07/13,7384.073,7546.814,7353.773,7385.043,2189313412.0,31249791781.0
2016/07/14,7361.066,7420.28,7341.613,7388.48,1081274485.0,14893009129.0
2016/07/15,7376.991,7384.216,7258.473,7282.984,947679020.0,13256824207.0
2016/07/18,7228.746,7228.746,7100.307,7113.88,1152374274.0,15715729244.0
2016/07/19,7120.513,7194.669,7090.838,7180.556,850324749.0,12210022990.0
2016/07/20,7170.12,7201.631,7131.865,7135.022,610457958.0,8567511909.0
2016/07/21,7141.329,7275.15,7141.329,7197.49,971389018.0,14141304548.0
2016/07/22,7182.759,7189.467,7117.117,7130.501,785112527.0,11241101890.0
2016/07/25,7122.715,7169.067,7090.573,7118.256,610038786.0,8744327545.0
2016/07/26,7115.226,7224.606,7114.282,7223.179,796604946.0,11406767308.0
2016/07/27,7220.262,7230.243,6860.117,7052.777,1670996925.0,22579937642.0
2016/07/28,7001.251,7004.314,6847.262,6915.573,945185273.0,13208540610.0
2016/07/29,6919.277,6942.358,6856.213,6870.8,659467337.0,9046559653.0
2016/08/01,6859.999,6887.286,6760.414,6812.246,683375133.0,8916018057.0
2016/08/02,6819.798,6842.704,6791.821,6838.594,436407104.0,5838578332.0
2016/08/03,6818.602,6847.972,6800.465,6825.463,460152252.0,6282537396.0
2016/08/04,6820.446,6850.06,6776.551,6847.236,527954364.0,7264227796.0
2016/08/05,6830.623,6929.228,6803.72,6853.491,726300906.0,9915523851.0
2016/08/08,6841.127,6907.778,6784.635,6907.134,581869774.0,7762600129.0
2016/08/09,6900.911,6970.507,6889.13,6959.925,726084780.0,10072556522.0
2016/08/10,6961.877,7005.014,6917.671,6926.885,763859093.0,10711941208.0
2016/08/11,6935.588,7063.011,6934.913,6962.277,1246493318.0,17015593508.0
2016/08/12,6937.621,7134.394,6932.039,7134.394,1426859589.0,19717279488.0
2016/08/15,7159.345,7742.52,7139.742,7533.781,3826221132.0,55454133374.0
2016/08/16,7490.628,7562.089,7427.877,7447.523,2205359703.0,32997311917.0
2016/08/17,7493.04,7593.619,7364.369,7404.985,1852492458.0,26955156784.0
2016/08/18,7364.8,7444.667,7291.147,7339.523,1364340228.0,20387064139.0
2016/08/19,7301.327,7327.113,7257.113,7306.941,872384528.0,12738941591.0
2016/08/22,7290.543,7321.841,7185.357,7186.622,925143070.0,13365741480.0
2016/08/23,7193.547,7261.677,7159.428,7218.577,784593506.0,11109393615.0
2016/08/24,7204.702,7227.415,7127.121,7148.957,669154075.0,9693999299.0
2016/08/25,7137.203,7222.109,7109.718,7186.888,1271979029.0,15344364362.0
2016/08/26,7187.003,7213.944,7139.937,7152.155,814101044.0,10142360808.0
2016/08/29,7148.635,7172.975,7118.273,7156.478,577466905.0,7771003822.0
2016/08/30,7166.443,7236.171,7148.275,7195.951,886595846.0,11770537663.0
2016/08/31,7192.911,7279.433,7163.594,7242.807,894310248.0,12197499191.0
2016/09/01,7235.559,7244.914,7121.383,7128.161,842506995.0,11520259255.0
2016/09/02,7105.872,7246.047,7105.191,7183.131,1081307901.0,13095973391.0
2016/09/05,7199.947,7285.531,7174.909,7200.854,1065762276.0,12304308774.0
2016/09/06,7186.634,7243.463,7105.726,7223.715,1083678208.0,13465816293.0
2016/09/07,7221.052,7264.496,7195.817,7208.209,909427836.0,11706676455.0
2016/09/08,7197.281,7216.752,7169.391,7194.412,644139491.0,7945833008.0
2016/09/09,7194.235,7230.243,7149.499,7150.172,847351804.0,10913545260.0
2016/09/12,7017.055,7023.016,6912.301,6994.242,1362692783.0,17615729292.0
2016/09/13,6997.794,7004.784,6930.918,6969.971,620124483.0,7834623840.8
